sr = 1024
0.016054545110526657
0.01605922173277515
0.0007566877388758775
0.0005381982086136979
0.00042193054810231825
0.0003955135077995202
0.0003516728314959878
0.00032045638800475007
0.00023246594982954225
0.00020872181289286672
0.00018941404453064523
0.00017339816369954059
0.00015989408556108702
0.00014835121351884043
0.000313408412159237
0.00030997326572939845
0.0003071234998272281
0.00011741148098443912
0.00011119661054257223
0.00010560815274760141
0.0007602710217278444
0.0007598768556999111
0.0007595423679302528
9.257805429374178e-05
8.886280914506938e-05
0.0003063381771245245
0.00030570925114812236
0.000306314977914283
0.00011380632168515632
0.00011227940820035075
0.00010764406721392864
0.0002175823619472218
0.00023423678032489508
0.00023371601730639183
0.00016142987438835771
0.0001821159674218541
0.00019276815334144627
0.00015264980573458892
0.000129149675448061
0.00012929930735750588
0.00025330955909946454
0.000284473910925138
0.000436271280741058
0.0024114424620595596
0.0024062981225188816
0.0049898940035676695
0.008417425986363735
0.014245259117416356
0.018299270384594002
0.02119760510834007
0.023341446945250324
0.02551685328176058
0.027154387898223154
0.026870910899957034
0.026020660944445925
0.026059810481881506
0.027141850852042085
0.027298689309138518
0.02601072517974264
0.024577111500004484
0.025169457265994975
0.026104832354477973
0.025706564696520582
0.024978025991687924
0.024740672568504988
0.024571680669569856
0.023030499949118387
0.021790659060541992
0.022414514219680087
0.023324342215614007
0.022540072012510525
0.02082739035163366
0.020498746746809696
0.02114641541896406
0.022936202699918796
0.023155850915441797
0.022595033002291792
0.021081987236738882
0.021085057184260757
0.022438135953652377
0.022921648369789598
0.021716144433672743
0.02076772712242273
0.0214524049673712
0.022644872805928456
0.022155268298035168
0.020557659183443603
0.019935523012230727
0.021179694302028578
0.021852649976316463
0.020720394559279195
0.01908033419342892
0.019211533592703715
0.020676875308093402
0.02082355345364388
0.01932789963351569
0.018129646712085133
0.018908791863922733
0.02011033644431094
0.019794811792489823
0.01816675570670837
0.017614898229549054
0.01845432846835194
0.01904399644447379
0.017804002037235735
0.016248993732825394
0.016569195917841555
0.018181472969363576
0.0183538173456461
0.016887219285921396
0.01572784007455887
0.016485746638184213
0.01729537931413778
0.016534076961248655
0.014913657565308032
0.014649207525581718
0.015758755286374795
0.016291642034885118
0.015161904314629934
0.013891763674519648
0.014297260131193612
0.01545491895738765
0.01538434017561805
0.013887535989897561
0.013326548845734606
0.014289824094955536
0.014989462665073726
0.014173104642770709
0.01273634299042666
0.012833894310431856
0.013981066668778519
0.014210812007687673
0.012971954661326257
0.011709845465060776
0.012480002027845107
0.013608294317376358
0.01334492380689137
0.011768475220191539
0.011289974742588964
0.0125536099328193
0.013326877818301571
0.012410193767819261
0.011230264600907888
0.011550235046920081
0.012830852541688365
0.012662619858976445
0.011164100106810246
0.010094057773032348
0.011241364648896425
0.01251699704050698
0.01211655647823615
0.010370264067919533
0.009798858891389444
0.010961436727552107
0.011685102164195677
0.010736244292683593
0.009550782185219809
0.010069684709323318
0.0113903449281911
0.011478440076913
0.01010841632918409
0.009316600655858218
0.010419887274653676
0.011529325174343755
0.01102746520527497
0.009509825547981653
0.009337220850454199
0.010536481324036492
0.011136341774521469
0.010058987781326922
0.008884457818691509
0.009361722582890163
0.010637691252971601
0.010637241688683413
0.009203550001711976
0.008363150655332234
0.009387401048997317
0.01041669948783126
0.009766078357736454
0.008368398346232578
0.008546449664731615
0.010092584585951846
0.010618168235554915
0.009236643911307664
0.00777428717199126
0.008182426544423757
0.009511435029269205
0.009464936961479499
0.00820554828412747
0.007678441884535005
0.009021581295339968
0.010009784103329923
0.009484236935375995
0.007903339296680512
0.008056948391539094
0.009397275590106476
0.009936658970810943
0.008649378176458934
0.007398135243347741
0.00797237909890112
0.008902127402800154
0.008554873485446757
0.007055748733035389
0.006949600080060808
0.00863370597707689
0.009652977115874503
0.008921223653056563
0.007448040956562881
0.007812452118228863
0.009438015397844385
0.009642659140036657
0.00824433108124316
0.007131591649699991
0.008265737017612193
0.009474737999069555
0.009046376555379083
0.007410461912353221
0.007182868819594491
0.00870806693247161
0.009654832483486277
0.0086620503196117
0.007173278193685986
0.007367455494632393
0.008864314619967487
0.009070590898051333
0.007935924466419338
0.007305582736093768
0.008327981031628314
0.009393593889541403
0.00874895277497841
0.007201765030985675
0.006943185204795902
0.008250013967745537
0.008866442924346659
0.007677826137822589
0.006265904439327707
0.006778009979160731
0.008127011324774872
0.00809289362199457
0.006710202794774501
0.006076682804815911
0.0073976552729955285
0.008348578498591065
0.007740228040136727
0.006319821963601449
0.0063542151005357055
0.007659493769254799
0.008137676526536476
0.0070782114835704485
0.006015554522623687
0.0067619875670223446
0.007971876168701101
0.007823315835843026
0.006353400334225771
0.006014738990469138
0.007215395584723653
0.008084699587361304
0.007275638013465399
0.005737748815939312
0.005958824186316374
0.007440333683211314
0.007949404014379281
0.006796889430810926
0.005554669805164209
0.0064389901756711256
0.007667905602195096
0.007429564962126
0.005886262358803876
0.005449858775574485
0.006791225638889076
0.007573507861823811
0.0067696428319661975
0.005464371104663432
0.006045558330747597
0.007383317758032517
0.007692237031714534
0.006371731565876398
0.005517852123156786
0.006419598392338547
0.0075684067233533145
0.007134809643886439
0.005613362717439004
0.005373118289967757
0.006768265120281591
0.007529316674042038
0.006576392041395827
0.005213975038733257
0.005629630650630008
0.006978187503263762
0.007162303005019843
0.005949047273178804
0.005297710277062548
0.006211584253294696
0.007134079013987538
0.006504243450450777
0.005086603854590464
0.00536453130433375
0.006902554715572121
0.00747738405909404
0.0063139032454831
0.005072227363873439
0.0057616040465089694
0.006982441553324604
0.006759669919585858
0.005241401338118865
0.004355754127391735
0.005682767064180144
0.006656542897964316
0.006129653244285523
0.004692112433938882
0.004878288526913259
0.006368170873116527
0.006820706460207324
0.00573388444724218
0.004504387363487574
0.005464665697412388
0.00672227093609824
0.006652643824851724
0.005201763505295381
0.004563847664891499
0.005925287065684467
0.00683715021224239
0.00623506690092438
0.0045946365840959435
0.004625960750112647
0.006088860510928041
0.006568427833658505
0.005518555406079844
0.004353424513397286
0.0054454511852467784
0.006635902640534564
0.006501917056214079
0.0050322990923746804
0.004703851491726107
0.005988386066194655
0.006840108502762499
0.006147585437288488
0.004742149939801094
0.0047808918554130215
0.005893904863519426
0.0061721127452072765
0.005004562586852775
0.00409074476926765
0.005237715486375321
0.00644700392429916
0.0062624858188507875
0.004852954750537816
0.004396032004105571
0.005546300725491652
0.006149238121146236
0.0053781871688467365
0.004211235362072246
0.004934145818835332
0.006203897427392396
0.006313521262093071
0.0049817475172053
0.004286225302990933
0.00540100894737246
0.006372079545619057
0.005847263369808347
0.004487208948906267
0.004414201726093431
0.005544938304572534
0.006024912718675518
0.005076087868713981
0.004036971748390308
0.004820204548700301
0.00616568141483942
0.00615271959612794
0.004807320195251435
0.0041756806484987185
0.005319280337240539
0.0061831491113915555
0.0054694336363814225
0.004147017533160916
0.00458187379321306
0.006012990236100967
0.006464641959505731
0.00530251890103838
0.004110494844669201
0.0049635324222976375
0.006061576929982938
0.005941218436817116
0.004498101081798744
0.004164810873993642
0.005296799488394129
0.006045683849001515
0.005390446334549096
0.003927118913847736
0.004038698578074055
0.005249906090771523
0.005860231342310539
0.004930223614932006
0.00383990745889369
0.004370018222227495
0.005645357763284643
0.005591588343860577
0.0043602426803847705
0.0037864807711045687
0.005009556024072992
0.005833552327889645
0.0051829313479010135
0.00380874528315447
0.004064821281615679
0.005390897337715383
0.005713484698391185
0.004659226492404083
0.0036541880357761065
0.004721553234529544
0.005765964612541452
0.0055209188614225475
0.003971362977111509
0.0035311225990832633
0.004648032006795406
0.005356763327847094
0.004642834664231664
0.0034425468391623853
0.00399811369873939
0.005203114906213833
0.0054740950921038
0.004320714454918643
0.00316529202983253
0.0036096505727228425
0.004507908314495276
0.004272408191634976
0.00317546395209279
0.002988697577180836
0.004375691928302866
0.0050668256813028644
0.004482961972889049
0.0032574145219603176
0.003831268581227012
0.00495908047932665
0.00516510784419163
0.0040254409399348105
0.0035978804688304254
0.005001783104932075
0.0059996979505215625
0.005561466350372636
0.004166659083560502
0.004255643711874557
0.005434124635996289
0.00579800408438014
0.004695206268133
0.0038980425196366167
0.004672692905253416
0.005803495553065746
0.005532800926567341
0.004400477993825978
0.004198353541560905
0.005472140555405631
0.006102976512725691
0.00526547821267182
0.003785520447099781
0.004298840976580918
0.005779706691383877
0.006175514820731396
0.005019557339760354
0.003953635715204586
0.004838669910637897
0.005988348464568304
0.005766952590511821
0.004368025352944778
0.0037921233932950225
0.00504834402516897
0.005834678407665518
0.005203514361880466
0.0038679929102194395
0.004267230678617807
0.005553205314453157
0.0057319528863046375
0.004585081240432652
0.003682597636840664
0.0048238538564315415
0.005681582630598181
0.005184613641442424
0.0039844655271444145
0.00398039382457247
0.005215067133789562
0.00527340915448681
0.0042932193026994185
0.0040345868818669655
0.0050971604151136855
0.00579583948031355
0.004907091812614701
0.003841434220156638
0.004197700392247129
0.00528907330093414
0.0050080687299615245
0.0039018388365191087
0.003842785166931976
0.004880176353982809
0.0052675885720529884
0.004128530904622474
0.0036836597733421197
0.004572815912507643
0.005160303737391742
0.004501157203737262
0.0033636571271604093
0.0024976389033659605
0.0032602466619149843
0.004626588900300729
0.0055685155406167116
0.005482914862187771
0.003996466680999393
0.003639498971936292
0.004419759372988405
0.005022399843894272
0.004228594322198036
0.00306221353433966
0.0038219626110872506
0.004872440453549461
0.0050892554278260446
0.0038412731945960325
0.0034659483491764147
0.004144528023335081
0.004821543073066658
0.004161539205848326
0.00322885006758087
0.003947812780566859
0.004883398721414681
0.0048714518709672494
0.004012877778826086
0.002653305571262265
0.0034582843260007835
0.004419210510411502
0.005181529975360154
0.0045142788823512555
0.0033900193646095845
0.0033219371340460335
0.004401520626645116
0.005020561640113406
0.004680560430586641
0.0045180261175627855
0.004612979166924613
0.004500965238933663
0.0035460961178084994
0.0027872267015345412
0.003676048210617963
0.003670801738408347
0.00399226259434177
0.0045590809664122186
0.005241136849294642
0.004625904787932203
0.003187170265128599
0.0034751098188268497
0.004557269682022628
0.004749742018013764
0.0037196236542957673
0.0028623702634698713
0.003937721968188887
0.004882919331210853
0.004691108853463708
0.0034564359330416235
0.003351218053369728
0.0044117471031085275
0.0049017679051691345
0.004060523809074354
0.003099176105174485
0.003570722705881587
0.004580896047031833
0.004451149661512186
0.003344049782833736
0.002914983787812943
0.002605763465539257
0.0029054060293686825
0.003112408285447034
0.0038639485805918626
0.003914424201856912
0.0029108140056002263
0.0030610478614458373
0.00377477434616864
0.004342357905957414
0.003942438380302486
0.00412919073786054
0.003638127866860505
0.0035353295730863312
0.0036474592789160643
0.004607771748984217
0.005035122931713342
0.004111438602443594
0.002874084306993518
0.0027149076256261797
0.004266683015483201
0.00488215780679756
0.004324747073393917
0.0032563418505166574
0.002212872904546279
0.0028125332441626947
0.003361729692997766
0.004130648190624667
0.0039043298860593654
0.002968501502421885
0.0030606757524788268
0.003965079557879124
0.004463775168337288
0.0037361026647463125
0.002815817325152904
0.0032555641102169327
0.004187499190272961
0.00427281555458648
0.0032791917558082605
0.002866278910640907
0.0038162994155270394
0.004476092596396846
0.004108737620473515
0.002875594338609258
0.003048120473636045
0.004056264952728017
0.004376511012710575
0.003562618383956704
0.0028668470643443055
0.0038176597796338438
0.004534283793132997
0.004193744020721427
0.002970965263866008
0.0031605197553470745
0.004187928082547588
0.004581404862044648
0.0037203607165739593
0.003768115612270152
0.0038682082959454844
0.0038662528761089893
0.003258436622144963
0.0038999822827612417
0.004510250661391392
0.004618322798803842
0.003510565905977864
0.00268368545265151
0.0024449870910934917
0.00378304950359597
0.004127095734235632
0.0035145929369448494
0.003377697123411764
0.003403062509786092
0.003436169434375219
0.0032813358586337394
0.0038915428214338754
0.0039292953160071096
0.003962791733430923
0.004190928214845397
0.004660099317926424
0.0038342633571969943
0.002949164620344484
0.0035776788876486
0.004452862471000466
0.004381058569415531
0.0032537448871841077
0.0029115434579473297
0.003958384598171909
0.004501951801812304
0.003967759878888424
0.0030459721880066017
0.003477565631543536
0.004070216066678653
0.004020295045862485
0.004130920192998542
0.004109369553976003
0.00386857535045495
0.002744448490375658
0.003183858551262239
0.004073493786796793
0.004461367127890436
0.0035286154669367424
0.0029859096426108384
0.0036329648801087557
0.004453865952673448
0.004267824639684277
0.00324962059526356
0.0030853903181666774
0.0039635409932119135
0.0043094565288834255
0.003604675120901304
0.002975457621441895
0.003708292117244824
0.00438978077702086
0.0040551612927746394
0.002988455404835033
0.0033878813477825173
0.0041856585357526585
0.004299181288882881
0.003312918461817965
0.0031533191257871965
0.00400686087351072
0.004328219650085813
0.0035937098157348742
0.0028224634239286703
0.00265186473148788
0.002570464003396621
0.0025538734808653557
0.002064057057610185
0.002885899001245056
0.003724717696032198
0.0042065622685305065
0.003708173061841793
0.002553076537704004
0.0033188068067723574
0.004120985454679343
0.004122851485378057
0.00337348464817537
0.003497524758535422
0.0033051745328907625
0.0032913102524114186
0.0033405573058218102
0.003970225957227573
0.003764155031159123
0.0027768168894448126
0.0028303018709478194
0.003579394262795318
0.003818740420922217
0.0031040364902322434
0.002905534415808619
0.0035973195339942267
0.003660117285517106
0.003656949542664331
0.0033305004183384044
0.0034549151074732966
0.002836232449692398
0.0031006888962991684
0.00344780241452252
0.003384659971832236
0.0025778138797532242
0.0032644708109673347
0.004008893216392188
0.004056280774767677
0.0029394992997306283
0.0027980485734437808
0.003531087747414145
0.0041233699525993015
0.0036043561308413967
0.002742297518899396
0.0028936030424953434
0.003436848017563168
0.0035701704449595333
0.0027443964377346186
0.002328663865104414
0.002685489843352486
0.0027609685262681553
0.002939696458322284
0.003559020138827778
0.003937337189579248
0.0039034717253518736
0.003936377184149427
0.0039769723588260865
0.004120475857831383
0.003047371484353033
0.0027526014046777565
0.0031171539740316207
0.0037481867776692065
0.003636236461662386
0.002706716453607659
0.002006969242348052
0.0030266194623569855
0.003987913134411835
0.00415072658943075
0.0033013788880351135
0.0026503356769027567
0.0036385752009352548
0.004403149863879459
0.004207572325164991
0.0030323647701640936
0.0029383582234705206
0.003754278760118112
0.0040686745984365915
0.0033903800317901496
0.002489627508524749
0.0029656778714117612
0.003675336080216291
0.003684097912522216
0.0028979393377396804
0.0023385745142631034
0.003077311862264667
0.003719038258094235
0.0036002293723389005
0.0027400626819954104
0.0028330060929667167
0.003959141051451405
0.004367939324658708
0.0036999834263354795
0.0027320340441005526
0.003366557373879588
0.0039849595658090434
0.0037708273223766766
0.0034542947275098997
0.003442226356715579
0.00375973349061051
0.003828735068409377
0.0035585423476296673
0.0031726859139501367
0.0026077408102513156
0.003217347156601751
0.0034625802391423095
0.0030959278638298788
0.0023765052521065766
0.0030744930700703516
0.0036462511475953536
0.003605495841498822
0.0027227077104655193
0.0031478104893965324
0.003507030745193854
0.003627253485035709
0.0035593394435097805
0.003598106840695402
0.0037610740477724723
0.002828836262365717
0.002685599186384504
0.002200342629291402
0.002849206095667679
0.0021777744232111605
0.002812825873345639
0.0034742187979006425
0.0038773941364057896
0.0033829249656399146
0.00252274834909357
0.0033385217924241633
0.0033347951306270792
0.0035334007718287484
0.003473927651573877
0.00422947273724427
0.0038345771491917376
0.002792925441476599
0.00278975003222865
0.003842751106781621
0.004152420127003136
0.0034008263062387197
0.002866090129720612
0.003685457920340666
0.004384934411319673
0.004004417409886427
0.0028170471466179873
0.002887506460497788
0.00388566032075978
0.004126013756516743
0.00386867414979341
0.0037969351094499447
0.00389538421380113
0.0033555724563952487
0.0029832784049574207
0.0030927219924315975
0.0031039928168619998
0.0027934165219121896
0.0019958724918546665
0.002913938091790114
0.003685390046730138
0.004248343185913541
0.0037483943791422575
0.002611142284629924
0.003053243193027126
0.00395480011825749
0.004315766696401202
0.00342519780315995
0.0028613555128849623
0.0033266571295458443
0.0039417252450995805
0.003603547763542006
0.002941750304638383
0.003980629879257314
0.00481883942051904
0.004753758966767795
0.003963943172950643
0.002813269727637376
0.0028675215222565176
0.003188283524746306
0.003939164379523124
0.004034817414846392
0.003108524484081334
0.0025856118635181344
0.0034847665002448345
0.004093009083546703
0.0038033760723277937
0.0029894528936736504
0.0032364324586498503
0.003716772364837714
0.0035555942412083736
0.002738980727383088
0.0028305201999675347
0.0028734661741036554
0.002683612298137899
0.002978004899714207
0.003930883042430855
0.004370211530954341
0.003626255651480473
0.0028999385089744536
0.003349241715673963
0.004032207306999938
0.003823078293359344
0.002930933477932796
0.0026801320379775664
0.0033293862077934844
0.0038445882570644335
0.003413037003178894
0.0035497916055049223
0.0035557137996469943
0.0035205250271780892
0.002486855191534539
0.002632270920897513
0.0036894173347081934
0.003895449386501445
0.003252308710113471
0.0026701536300680058
0.0027650855617470643
0.00272426490470565
0.0033603464438227274
0.004096986300027335
0.004358440618460765
0.003993590808130434
0.0037081487424355177
0.0035234942028022145
0.003303595196640502
0.0035338852440409928
0.0037698557914478026
0.003376716631074568
0.003101752907598648
0.002872236448163695
0.003072111546881198
0.00285506507742451
0.0037858781709973035
0.0045025300774610205
0.0048444925827183325
0.004180668112060797
0.00320983257215414
0.003133297514382256
0.0036541106564045417
0.0037151908556727047
0.0027625873296415575
0.0029017206575725893
0.0038713985595495585
0.003928867127850327
0.003154606637822582
0.0024868497702091852
0.0034702304356868273
0.0037701146698078418
0.0034127349886029406
0.0022890013112839727
0.00287992744331723
0.003536982110908781
0.003687187153637012
0.002852358242427631
0.0030357530852356623
0.003445244972359058
0.00350078604130603
0.002623267785904654
0.002782547371513798
0.003081041360029837
0.003925196244048212
0.0037075898967326754
0.003555827539149891
0.0027175729810307654
0.001982627742740522
0.0022140555783523915
0.0032993518878742367
0.003899420232187913
0.0037637479967221896
0.003518462625957774
0.003404082075826983
0.0035882424013939057
0.0038375615630446753
0.0038218965400753915
0.0034936638437560673
0.002940851609120872
0.0031049349902289836
0.0034035069635328552
0.0030228654447310515
0.0034596971629173275
0.003731666105288181
0.003732959769585459
0.003522035863764728
0.003654733224616559
0.003480306982602523
0.003069193703056924
0.003417230049144488
0.00400563285133449
0.003631978524543289
0.002672832685835006
0.003167656017791978
0.003932596726946149
0.003973407151930413
0.002975040983293738
0.003375557104036804
0.003604127763399597
0.0042996052056590685
0.0034216208361478734
0.0029685858075696545
0.0028349142265136373
0.003687845983868551
0.004275071162400555
0.0037481431823743246
0.002821172944259344
0.002634788497433985
0.0033873780407074274
0.0034379798987680707
0.0029320128031541932
0.0030869520231902835
0.00411400753950516
0.004431623743355157
0.0036800941133496934
0.002458536902021242
0.0031557685488622536
0.003982546936951353
0.004088543071925532
0.0031174822085036887
0.002934059521157237
0.0035997679079211786
0.003953984319175063
0.0034148693891747194
0.002430342697207374
0.003025188706050396
0.003585170635919995
0.003701091882757277
0.0027673229035221933
0.0023789300909850446
0.003248154147984311
0.0037487432725882256
0.003585038121126146
0.0027416061424006787
0.0025910310555230073
0.0027058803809288374
0.002815534415801829
0.0025095332861003474
0.002489129383612985
0.003002890728102616
0.003379490987443331
0.0033874085794661727
0.002815029388195115
0.002790413864126157
0.0032184421654857715
0.0033690928949752395
0.0029719480897097226
0.0024864815915447568
0.0029555926663760836
0.003194901051038303
0.0032045745810843347
0.0026449430608631204
0.002674081851001268
0.002727568695689997
0.0029861304475901664
0.003017145111256424
0.0027349816129701985
0.002804239759706263
0.00304552808693332
0.003295287794058037
0.003118202906526294
0.0027056583903149805
0.0027181944521240168
0.002656807387111676
0.0027684758671028876
0.0025452168407755376
0.0024975435373361544
0.002673871672245978
0.002819961212051909
0.0030223452084351147
0.0027103601027157606
0.002720398080281643
0.002539005587442149
0.0027654631500385173
0.0027105186475227198
0.0026580890635057907
0.002663149094882261
0.002714244536745382
0.002860227943471795
0.0025952294680550675
0.002757391573693993
0.0027492751633777074
0.002843415432393547
0.0026605146318625017
0.00260918278853971
0.0028016685147792524
0.0028851376149058145
0.0029034058900771196
0.002823416171533495
0.002682324277627963
0.0026096899435026247
0.00275948014716633
0.002807666268193392
0.002869483030016528
0.00295721929215859
0.0028566597514140066
0.0028989489276060143
0.00273399223849613
0.0028862433380344252
0.0030610696997180028
0.0030426330852546747
0.0029744852906235203
0.002735128521441744
0.002868606257278568
0.0028181709803341702
0.0029992575544002045
0.0027996949062713845
0.003059721076094548
0.0029515456012316373
0.0029859765621885826
0.0028253339276660358
0.0026412918358358945
0.0027435127784677673
0.002858108804606644
0.0029524494229849958
0.0030520859828250114
0.002887310645899944
0.0029444100372643207
0.002889617105316069
0.0028506191761620593
0.002872989355163915
0.002662608390550244
0.002839822258727811
0.0029132521991025464
0.002989530885684354
0.002924882797789179
0.002730729269696725
0.002799210783562884
0.002725590462978665
0.0027025174463972575
0.002431163900838044
0.0024433047269877754
0.0028231304350327443
0.0029547826264470244
0.003015315160486022
0.0025594397853683
0.0022588013827833193
0.0023156741268600877
0.002856610504582912
0.0030054390937142195
0.002845220897838587
0.0023597318922066774
0.0025600398378287357
0.0027725721246074017
0.0029666449540217948
0.0028061992480395855
0.002722062235792935
0.002778357922646268
0.0028499863356138164
0.0028789687256079296
0.0025892333150609203
0.0025281141492838467
0.0024119508363652227
0.002562116807630593
0.0023766153386113862
0.0022615357328213976
0.00260796347258243
0.0028911371844386638
0.0029642307672481287
0.0024286677184844293
0.0025886826656227532
0.0027532266434849486
0.0030821185085016674
0.002999182418510307
0.0026779453939771002
0.0025316240347991437
0.00247080261025146
0.0027565778845182903
0.002809857142882154
0.00253917466002848
0.002507811606229246
0.002390456955701984
0.0026627848422950606
0.0026273816359693716
0.002852045972591419
0.00302734928890767
0.0030780514380701974
0.002712195880179384
0.0024917476474948133
0.0026356519321472454
0.002761049224663164
0.002744604819579927
0.002314031155880693
0.002655843329671197
0.002765200101872521
0.0029484217875611835
0.0027062084567256012
0.002449187076004376
0.0024859830318407685
0.0022770916132572473
0.002559532447663815
0.002671632638741752
0.002865171081334566
0.0025401548575309445
0.002416452707703288
0.0025370465253767736
0.00273186229237614
0.002726812003840653
0.002529077614316004
0.0026208753873309654
0.0026976587874636307
0.0028326965879303194
0.00276881880127765
0.002637819790321828
0.0026622467090674
0.0026803910255690693
0.002624469302264335
0.0024114493536438737
0.002295773116951708
0.0024803248664599814
0.0025765311512490406
0.0025698497714294354
0.002631985496397732
0.002688952761919602
0.0028517972942204606
0.0026881529006953704
0.0029570294764485975
0.002944897019796812
0.003035955893075396
0.002665368916846122
0.002658884026400445
0.002452069370816022
0.0025014070794437413
0.002282353242476758
0.0025104152480511887
0.0026986490435093285
0.0027181871663060735
0.0026701119705815884
0.0025732651704117003
0.0025510486755494543
0.00265814896677692
0.002471267013904728
0.0025850469814200617
0.0025219601366804397
0.0027904866973442154
0.003544241028022364
0.003695622538362356
0.0034139210561197402
0.0023323585433899776
0.002177484002338708
0.002921698412202077
0.00368859242489565
0.0034186973223391728
0.0042879159301575384
0.004903168394103145
0.005140883514174701
0.004010669096139633
0.0025753294681914425
0.002221912328158427
0.0023648724543296625
0.002550813018787327
0.0029930417888054967
0.00296865836186993
0.0024692980215841234
0.001935607541475189
0.0022657128088181197
0.0027473795915003906
0.002684205291846259
0.0022524445804232174
0.002336471794758445
0.0029833966186231372
0.003218059498048876
0.002892473274746565
0.0022413739575601384
0.0026670136872028976
0.0030182806436327035
0.0030755567438970855
0.002748155296819488
0.002708852982422558
0.0031065700446695843
0.0029754424784409613
0.0027126612263400985
0.0024746884458816793
0.003748066232996521
0.004290809026530362
0.004165498919518178
0.0028748389390788037
0.0025417868450874036
0.0027418656954712
0.003468948184539613
0.0033050026160254178
0.0030934396540849654
0.0023841249992493647
0.0028947408103337513
0.003222641946437314
