3.23
ets Jun  8 2016 00:22:57D⸮⸮⸮\⸮9⸮⸮00:22:57

rst:0x1 (POWERON_RESET),boot:0x13 (SPI_FAST_FLASH_BOOT)
configsip: 0, SPets Jun  8 2ets Jun  8 2016 00:22:57

rst:0x1 (POWERON_RESET),boot:0x13 (SPI_FAST_FLASH_BOOT)
configsip: 0, SPIWP:0xee
clk_drv:0x00,q_drv:0x00,d_drv:0x00,cs0_drv:0x00,hd_drv:0x00,wp_drv:0x00
mode:DIO, clock div:1
load:0x3fff0018,len:4
load:0x3fff001c,len:1216
ho 0 tail 12 room 4
load:0x40078000,len:10944
load:0x40080400,len:6388
entry 0x400806b4
82.29
189.36
-125.73
-597.40
-202.02
567.40
464.20
-21.51
-109.64
-153.23
-242.05
-88.11
91.45
100.18
90.45
71.20
-16.42
-70.36
-53.88
-29.68
-1.33
30.83
33.57
15.69
1.76
-10.34
-17.21
-11.49
-2.19
3.77
7.93
8.07
3.50
-1.06
-4.29
-6.57
-5.02
0.31
4.98
5.63
2.48
-1.00
-2.86
-3.38
-1.42
1.33
1.99
2.20
0.63
-3.82
-3.64
1.53
2.67
0.95
1.44
1.07
-0.91
-1.38
-1.47
-2.71
-2.16
2.14
5.55
3.81
-1.57
-5.52
-2.39
2.47
0.86
0.18
2.06
-2.01
-4.15
1.54
3.73
0.62
-0.47
-0.88
-2.32
-1.04
2.90
3.33
-0.84
-2.44
-0.47
-0.29
-0.73
-0.14
-0.76
-0.01
3.13
3.37
0.52
-1.99
-3.75
-3.49
-0.62
1.80
2.75
3.61
2.43
-1.76
-4.10
-2.58
-0.44
1.34
2.67
2.30
-0.70
-4.13
-2.50
3.25
5.15
0.91
-4.07
-4.54
-0.33
3.33
2.67
1.19
0.02
-3.51
-3.62
1.26
1.79
-0.00
2.79
2.97
-3.53
-5.67
1.39
5.40
-0.41
-4.28
0.37
2.93
-0.23
-0.19
1.23
-2.44
-3.03
3.60
4.42
-2.90
-4.33
0.54
1.39
0.37
1.66
0.89
-1.82
-1.86
0.65
2.78
1.35
-2.70
-3.52
-0.80
1.71
4.14
3.65
-2.64
-6.15
-1.42
2.82
2.04
1.67
1.95
-0.89
-3.59
-1.96
0.13
-0.21
0.59
2.78
3.19
1.15
-2.53
-4.78
-2.89
0.40
2.61
4.41
2.78
-3.33
-5.26
0.80
5.38
1.86
-3.99
-3.91
0.60
2.18
1.02
1.07
0.47
-1.65
-1.82
0.11
1.19
0.30
-0.46
1.12
1.36
-1.58
-1.63
0.54
-0.48
-1.28
2.18
4.75
-1.39
-7.93
-0.76
7.01
2.38
-1.65
-2.23
-4.15
0.33
6.42
1.51
-5.12
-1.78
2.46
0.52
0.04
2.31
0.81
-2.55
-3.50
-2.19
1.87
4.06
0.11
-1.12
2.55
0.29
-4.69
-2.15
2.47
2.20
0.55
-0.14
-1.09
-1.23
0.64
2.23
0.30
-2.38
-0.99
1.08
-0.06
-1.28
0.03
2.13
1.80
-0.59
-1.37
-0.70
-0.86
-1.15
0.12
2.24
2.68
0.57
-2.48
-3.36
-0.80
1.91
2.50
2.16
-0.01
-3.25
-3.07
-0.15
1.69
2.05
1.29
0.45
0.49
-0.56
-2.53
-2.80
-1.75
0.90
4.83
3.84
-1.74
-2.70
-0.76
-2.05
-0.80
3.43
2.27
-0.97
0.19
0.48
-3.24
-3.37
1.51
3.27
2.10
1.99
-0.33
-4.49
-4.72
-0.02
4.23
3.02
0.42
1.18
-0.03
-4.23
-3.92
0.60
3.08
2.71
1.34
-1.08
-2.49
-0.56
0.94
-0.19
-0.10
0.45
-1.04
-0.29
2.27
0.53
-2.26
-0.18
2.40
0.06
-2.97
-1.33
1.49
1.76
1.31
-0.21
-2.45
-1.12
1.36
0.96
0.57
-0.08
-1.24
0.72
1.78
-1.06
-2.83
-1.58
1.90
4.47
0.37
-5.76
-2.85
4.63
3.91
-0.90
-0.78
-0.74
-2.97
-1.18
1.98
1.50
1.06
1.04
-1.46
-2.73
-0.31
1.82
1.08
-0.63
-0.79
1.54
3.65
-0.11
-6.71
-5.17
3.04
5.64
1.70
-0.44
-0.29
-1.24
-1.13
-0.23
-2.42
-2.45
3.96
5.79
-0.44
-2.41
-0.42
-2.46
-2.93
1.58
3.35
0.75
-1.09
-0.31
2.07
1.91
-2.68
-4.82
-1.20
1.83
2.10
2.19
0.90
-0.98
-0.31
1.18
0.53
-3.11
-5.61
0.04
7.26
3.70
-4.09
-2.97
2.78
1.74
-3.15
-2.16
1.75
2.18
1.80
0.81
-3.16
-5.19
-1.36
4.17
5.56
2.06
-2.64
-5.27
-3.03
2.61
3.50
-0.40
-0.43
0.95
-1.50
-0.51
4.43
2.14
-5.58
-5.51
1.58
2.65
-1.30
1.59
5.96
0.19
-6.09
-1.06
3.98
-1.46
-4.64
1.48
4.27
0.77
-0.99
-1.37
-3.00
-1.96
2.85
4.26
1.23
0.57
0.06
-3.82
-4.26
-0.12
1.30
1.04
2.96
1.78
-2.24
-0.55
2.56
-1.23
-4.44
-0.15
3.91
1.17
-3.43
-2.32
3.38
4.23
-1.68
-3.77
0.03
1.37
1.69
2.49
-2.19
-6.47
-1.67
4.86
4.23
-0.31
-1.46
0.48
0.41
-1.52
-2.06
-0.39
1.56
0.41
-1.74
0.33
2.97
1.20
-0.95
-1.13
-1.67
-1.54
0.62
2.92
2.02
-1.90
-2.25
1.13
0.57
-1.71
0.54
2.79
-0.41
-3.69
-0.82
2.32
0.91
1.57
2.47
-2.84
-5.09
-0.28
1.35
0.16
2.31
3.72
1.03
-1.77
-2.74
-2.72
-1.12
1.09
1.61
1.10
1.59
1.74
-1.12
-3.89
-2.21
1.06
2.12
2.03
0.78
-1.71
-1.25
1.24
0.15
-1.37
0.15
-0.28
-2.14
0.93
5.73
2.97
-5.23
-7.38
-1.48
4.88
6.25
2.25
-2.54
-4.18
-3.34
-0.06
4.36
4.17
-1.64
-4.71
-0.76
2.02
-0.08
0.51
2.39
-1.60
-3.98
2.11
5.46
-0.61
-4.09
0.00
0.46
-3.45
-0.79
5.03
3.07
-1.63
-1.09
-0.56
-1.90
-0.90
0.40
1.24
2.48
0.82
-1.83
-1.18
-0.67
-1.45
1.15
3.46
0.08
-2.79
-0.87
1.31
1.56
0.39
-1.85
-2.20
0.08
1.31
1.54
2.60
0.76
-4.95
-5.21
2.89
6.22
0.52
-2.40
-0.91
-1.62
-1.51
1.55
2.35
0.56
-0.02
0.35
-0.83
-3.20
-2.14
2.54
3.30
0.21
-0.17
-0.26
-2.19
-0.58
2.50
0.75
-2.00
-1.13
0.28
0.40
0.50
0.43
0.05
0.06
0.11
-0.67
-0.50
2.18
1.99
-3.41
-4.60
1.36
4.02
0.98
-0.06
0.04
-2.31
-1.49
1.82
-0.70
-2.99
2.64
5.34
-0.42
-3.26
0.03
0.10
-3.42
-0.85
5.47
3.30
-4.32
-4.94
0.78
4.28
2.16
-3.10
-3.50
3.55
5.79
-1.81
-5.70
-1.26
0.78
-0.43
1.70
3.32
0.97
-1.18
-1.90
-1.48
-0.80
-0.90
1.74
3.74
-0.03
-1.62
0.06
-1.75
-1.84
0.76
0.69
2.54
3.41
-2.95
-4.50
1.42
0.50
-2.76
2.02
4.77
0.96
-0.75
-3.64
-6.36
1.45
7.03
1.45
-0.83
-0.44
-3.21
-1.25
1.66
-0.27
1.35
3.21
-2.54
-4.19
1.66
2.07
-0.62
-0.31
-1.30
0.70
5.32
0.72
-6.41
-3.84
1.31
2.93
3.88
1.73
-3.79
-3.59
2.34
2.18
-3.14
-1.75
3.39
1.82
-2.05
-0.97
0.92
0.54
0.40
0.34
-0.99
-2.23
-1.68
1.16
3.62
2.14
-0.15
-0.55
-3.23
-5.41
0.64
7.50
3.58
-3.79
-3.73
-0.46
1.38
2.82
0.33
-4.96
-3.07
4.82
6.41
0.23
-4.50
-3.66
-0.56
1.05
1.15
1.62
1.12
-1.06
-1.34
0.24
0.34
-0.01
0.36
-0.77
-1.87
1.32
4.26
-0.59
-5.61
0.08
5.24
-1.76
-5.36
3.21
6.00
-1.70
-4.80
-0.86
1.33
0.91
1.81
2.48
-0.66
-4.12
-2.19
0.70
-0.44
0.71
5.49
3.73
-4.02
-5.67
-1.28
1.18
2.60
3.06
-0.79
-3.77
-1.20
1.65
1.80
1.63
-0.32
-3.25
-0.55
4.29
1.29
-4.45
-2.80
2.00
2.60
0.28
-0.95
-0.70
-0.41
0.40
1.41
1.13
-0.84
-2.92
-1.70
1.07
1.88
2.77
2.45
-1.91
-4.93
-2.19
1.72
2.32
1.15
0.55
0.16
-1.00
-1.98
-0.74
1.02
0.62
1.35
2.95
-0.99
-5.51
-1.79
3.58
1.79
-2.46
-1.05
3.89
4.16
-0.98
-4.95
-3.94
-0.16
2.87
3.35
0.64
-1.52
0.83
1.66
-3.93
-5.81
1.65
5.75
1.31
-0.59
1.17
-1.26
-4.00
-1.18
2.58
2.79
0.78
-1.19
-2.19
-1.50
1.26
2.74
-0.60
-3.84
-0.42
5.16
3.98
-3.11
-6.40
-1.94
3.04
3.24
1.67
0.44
-1.07
-1.98
-2.30
-1.34
2.27
3.52
0.06
-1.46
-0.33
-0.72
-1.26
0.06
2.35
2.31
-1.30
-3.39
-1.26
1.75
2.82
0.89
-1.85
-1.76
0.01
0.49
-0.18
-0.42
0.68
1.57
0.08
-1.17
0.69
1.27
-2.24
-3.14
1.50
3.10
-0.43
-0.31
2.33
-0.64
-4.61
-1.67
2.72
2.10
0.78
0.35
-1.76
-1.28
1.74
-0.07
-2.70
2.06
4.95
-2.30
-5.86
0.21
2.67
0.14
-0.02
0.47
0.07
-0.09
0.30
1.55
0.23
-2.64
-0.58
1.98
-1.34
-3.01
1.55
3.21
-0.35
-0.20
1.68
-1.93
-3.72
1.07
3.89
1.88
-1.76
-4.20
-1.99
1.41
1.94
2.52
2.82
0.07
-3.11
-3.36
-1.39
0.76
2.00
1.32
-0.58
0.26
2.63
-0.42
-4.74
-1.00
3.93
1.25
-2.48
-1.64
0.04
0.76
1.83
2.50
1.25
-2.27
-4.82
-1.55
4.00
3.38
-1.20
-1.48
0.15
-2.14
-2.37
2.28
2.62
-0.30
1.12
1.70
-1.78
-2.87
-1.09
0.44
1.53
1.34
0.30
-0.31
-1.10
-0.98
1.29
1.54
-1.56
-1.76
0.84
0.88
0.78
1.35
-1.67
-3.34
0.71
2.45
-0.12
-0.60
0.14
0.45
1.44
0.79
-1.04
-2.16
-3.53
-0.97
5.97
5.23
-2.95
-3.83
0.16
-1.27
-1.79
3.14
3.97
-1.80
-3.25
2.04
2.97
-2.04
-3.34
-0.74
-0.49
0.12
4.39
5.16
-0.83
-5.44
-4.36
-0.49
3.44
3.70
-0.52
-2.90
-0.80
1.31
1.66
0.98
-0.86
-1.58
-0.42
-0.84
-0.92
2.20
2.24
-0.67
0.13
-0.89
-4.40
0.43
6.34
1.17
-3.99
-1.26
0.38
-0.25
0.37
0.10
0.53
1.44
-1.41
-2.49
2.72
4.61
-0.95
-5.45
-4.68
0.99
6.70
4.04
-2.24
-2.79
-1.24
-1.41
-0.30
1.77
1.84
0.72
0.19
-1.66
-3.72
-0.64
3.92
2.84
-0.10
-0.44
-1.41
-3.03
-1.19
2.48
3.10
0.43
-2.62
-2.82
0.58
2.41
0.36
0.01
2.09
0.73
-3.70
-4.26
0.61
3.58
1.02
0.05
2.89
1.42
-3.34
-3.11
-1.56
-2.05
1.61
5.27
1.43
-2.24
-0.41
0.71
-0.14
-1.11
-3.08
-1.57
4.56
5.26
-1.28
-4.00
-1.24
-0.69
-0.93
1.67
2.05
-0.48
0.14
2.10
-0.34
-3.81
-1.82
2.79
3.05
-0.07
-1.29
-1.04
-2.14
-1.47
2.62
3.55
0.48
-0.94
-1.98
-2.95
-0.39
1.49
0.52
1.98
3.50
-0.40
-4.54
-2.56
1.82
1.88
-0.75
-0.12
1.71
0.50
-1.03
-1.01
-1.24
-1.28
0.86
3.71
2.29
-2.85
-3.83
0.90
2.59
-1.28
-2.44
0.82
2.68
3.02
1.64
-3.38
-5.29
-0.96
1.52
1.88
3.60
0.72
-4.06
-1.47
2.31
0.52
-1.78
-0.98
1.61
2.04
-0.45
-0.87
0.34
-0.93
-1.48
1.40
1.67
-2.14
-1.22
3.09
0.84
-2.24
0.69
0.55
-1.97
0.82
0.77
-3.04
0.19
4.54
1.56
-1.52
-1.88
-3.58
-1.95
4.12
4.34
-2.03
-3.11
3.11
4.16
-4.08
-7.11
0.81
5.33
2.35
0.94
-0.04
-3.53
-4.04
-0.27
2.52
2.34
0.99
-0.41
-1.23
-0.91
0.38
1.50
0.88
-1.00
-1.86
-0.93
0.59
1.41
1.28
0.12
-1.59
-1.24
1.49
1.50
-1.81
-1.90
0.92
1.70
1.35
0.48
-1.48
-1.86
-0.70
-0.15
0.98
2.18
0.05
-2.77
-1.05
2.34
2.21
-0.48
-1.93
-0.25
1.77
-0.17
-2.88
-1.09
1.71
2.02
1.29
-0.71
-1.67
0.47
0.65
-1.46
-0.97
0.71
1.34
0.81
-0.92
-1.27
-0.24
-0.07
0.81
2.24
1.33
-1.84
-4.04
-1.22
3.28
1.93
-1.07
0.61
1.83
-0.85
-3.42
-2.06
2.50
3.36
-1.30
-2.35
1.47
1.29
-1.18
0.45
1.20
-2.20
-2.72
1.31
3.49
1.30
-2.07
-2.29
0.31
0.46
-1.02
0.75
2.26
0.07
-0.92
0.49
-0.82
-3.43
-0.24
5.43
3.61
-2.94
-4.79
-1.66
2.48
3.47
-0.07
-2.45
-1.89
-0.83
2.36
4.41
0.75
-2.96
-3.06
-2.31
0.62
3.93
1.46
-1.63
0.63
-0.03
-3.66
1.81
6.86
-3.45
-9.97
2.65
10.49
0.33
-7.03
-3.21
0.44
2.65
4.34
0.78
-3.64
-2.82
0.42
2.19
0.71
-1.52
-0.21
1.58
0.61
0.08
0.14
-1.90
-3.43
-0.03
4.20
1.45
-2.35
0.92
2.76
-1.25
-2.79
-1.56
-0.34
3.03
3.51
-1.71
-3.42
-0.86
-0.78
0.71
4.14
1.64
-2.53
-0.56
1.07
-2.31
-2.62
1.62
2.13
0.23
1.45
0.55
-3.98
-2.63
3.75
3.47
-2.04
-2.23
0.86
0.43
-0.47
0.45
0.13
-0.25
0.71
-0.04
-1.92
-1.02
1.37
1.39
0.44
0.68
-0.41
-2.83
-1.75
2.11
2.88
0.10
-1.94
-0.19
2.44
0.51
-3.08
-2.46
0.59
2.00
1.74
0.49
-1.62
-1.82
0.31
1.44
2.12
1.05
-4.10
-4.32
3.43
5.30
-1.22
-4.24
-2.02
1.29
4.15
2.43
-2.07
-2.55
-1.06
-0.30
2.25
2.76
-1.90
-4.27
-0.95
3.01
4.26
1.10
-2.27
-0.98
-1.83
-4.40
0.82
5.48
1.16
-1.38
0.37
-1.25
-2.24
1.20
2.62
0.51
-1.04
-1.94
-2.10
0.34
3.53
2.50
-1.86
-2.20
0.39
-1.30
-1.92
3.64
4.14
-3.18
-4.16
1.82
2.17
-0.81
1.33
1.97
-3.07
-4.20
0.17
2.37
1.97
1.55
0.42
-1.43
-2.29
-0.94
1.12
1.21
0.21
-0.23
-0.64
-0.09
1.23
0.23
-1.33
-0.41
-0.02
-0.32
-0.18
-0.88
2.49
6.19
-0.55
-7.09
-3.27
-0.28
-0.17
3.68
4.39
-0.31
-0.56
0.77
-3.44
-3.82
1.98
2.30
-0.41
1.18
1.19
-2.03
-1.79
0.82
1.03
0.58
0.72
-0.67
-1.96
-1.22
0.02
1.70
3.22
0.86
-3.00
-1.44
1.49
-0.91
-2.19
1.71
2.43
-1.44
-1.27
1.71
0.23
-1.02
1.19
-0.67
-3.02
1.70
4.41
-0.60
-4.26
-1.64
2.34
2.11
-0.39
0.05
0.67
-1.70
-1.83
0.47
0.14
0.74
2.67
-0.92
-3.92
1.62
5.20
-0.88
-5.63
-1.68
3.14
3.37
1.44
-2.02
-4.53
-1.65
2.68
2.97
1.44
-0.05
-1.97
-3.03
-2.33
1.27
5.62
4.00
-1.95
-4.43
-3.19
-0.83
1.54
2.37
2.14
0.76
-1.51
-1.16
0.47
-0.90
-1.86
1.10
2.80
0.14
-2.34
-1.82
0.38
2.60
2.58
-0.43
-2.74
-1.54
0.48
0.63
0.21
0.22
0.17
0.07
-0.60
-1.30
0.51
2.60
0.92
-0.98
-0.77
-2.08
-3.11
1.28
6.70
3.48
-4.76
-5.28
-0.32
0.60
0.68
3.53
3.22
-1.47
-3.07
-0.25
-0.01
-2.65
-1.09
3.71
3.46
-0.59
-1.59
-1.25
-1.04
1.06
0.57
-3.19
-1.67
4.25
5.21
1.51
-1.85
-5.63
-7.01
0.09
7.73
4.31
-2.39
-1.06
2.50
0.34
-3.91
-4.40
-0.82
4.16
6.17
1.96
-4.17
-5.15
-1.59
1.21
1.97
2.17
1.20
-0.61
-0.21
0.61
-2.33
-4.02
0.43
4.15
2.82
0.06
-2.77
-2.83
0.98
1.04
-2.09
0.79
5.86
3.32
-3.85
-6.95
-4.19
1.64
6.24
5.09
-0.86
-5.27
-3.54
2.35
4.55
-0.19
-3.61
-0.43
2.43
0.44
-1.82
-1.39
0.06
1.13
1.28
1.12
0.59
-1.03
-1.23
-0.11
-1.09
-1.40
1.04
1.99
1.32
0.77
-1.46
-3.10
-0.53
2.64
1.21
-2.50
-1.42
2.94
2.64
-0.46
-1.26
-2.42
-3.14
1.26
4.76
1.24
-2.00
-0.97
0.03
0.97
0.76
-3.00
-3.78
1.80
4.60
1.72
0.59
-0.01
-3.77
-4.45
-0.47
2.44
3.71
3.65
0.04
-5.01
-5.71
-0.09
5.46
4.38
1.04
-0.63
-3.66
-3.86
0.93
1.83
-0.80
0.19
0.91
-0.80
1.76
3.77
-3.21
-6.32
2.75
6.94
-0.67
-6.30
-3.06
3.55
4.55
-1.57
-2.60
3.88
2.09
-6.09
-3.52
3.57
1.88
-1.34
1.23
3.05
-1.26
-4.67
-0.36
3.89
1.74
-1.20
-2.12
-1.18
1.59
0.74
-2.58
0.11
4.13
0.58
-4.34
-2.40
3.41
5.25
0.18
-5.03
-3.99
0.18
3.08
3.41
0.06
-3.83
-1.32
4.59
2.16
-5.55
-3.56
4.79
4.15
-2.19
-2.72
-0.67
-0.56
1.29
2.67
0.20
-1.14
-0.62
-1.51
-1.17
0.98
1.36
0.82
1.12
-0.16
-2.25
-0.59
2.00
-0.21
-2.87
0.43
4.20
0.98
-3.47
-2.23
0.46
1.00
1.10
0.29
-1.00
-0.24
1.41
1.43
-0.01
-1.68
-2.54
-1.43
1.52
2.66
0.65
-0.26
0.86
0.54
-1.98
-3.28
0.09
3.79
0.92
-3.34
-0.73
2.91
0.49
-1.68
-0.27
-0.11
0.72
2.81
-0.18
-4.09
-1.59
1.29
1.01
2.16
2.34
-1.16
-2.85
-0.86
-0.39
-1.80
-0.34
3.38
4.63
0.92
-4.46
-3.67
1.57
1.63
-1.70
-1.01
2.33
3.32
0.62
-2.86
-3.21
-1.10
0.41
2.05
3.28
0.67
-2.93
-2.13
1.27
2.20
-0.46
-2.08
0.04
1.16
0.31
1.15
0.32
-3.04
-2.27
1.41
2.17
0.75
-0.37
0.19
1.43
-0.45
-3.55
-2.14
1.23
2.11
2.73
2.50
-0.79
-3.61
-3.86
-1.38
2.84
3.31
0.76
0.82
0.39
-3.33
-4.38
-0.04
4.12
3.60
-0.05
-2.59
-1.57
1.48
1.86
-1.59
-3.02
-0.03
2.14
1.20
-0.44
-0.91
0.02
1.07
1.22
-0.36
-2.70
-1.29
2.49
1.61
-1.54
-0.86
0.63
0.01
-0.48
-0.24
0.49
1.30
0.51
-0.81
-0.69
-0.48
-0.71
0.29
1.47
1.00
0.12
-1.24
-3.16
-0.85
4.01
2.87
-1.34
-1.43
-0.62
-1.72
-0.99
2.26
3.25
0.26
-2.37
-1.52
0.03
-0.86
-0.84
2.58
3.45
-1.35
-4.14
-0.33
3.05
0.86
-2.13
-0.33
2.81
0.44
-2.91
-0.55
0.90
-1.66
-0.65
3.08
2.39
-0.95
-0.75
1.08
-1.34
-4.57
-2.18
2.69
4.77
3.80
0.04
-4.77
-5.69
-0.53
4.86
3.97
0.16
-1.22
-1.64
-1.98
-1.40
-0.69
1.28
3.57
1.99
-0.50
-0.06
-1.23
-3.99
-2.72
0.62
2.17
3.22
3.31
0.50
-2.96
-3.50
-1.15
1.31
1.99
1.38
-0.37
-2.70
-1.39
2.91
2.51
-1.36
-1.64
-0.27
-0.45
-0.28
-0.02
0.38
2.23
1.90
-1.51
-2.08
-0.36
-1.00
-0.41
2.51
1.27
-1.84
-0.52
0.94
-0.24
0.04
0.65
-0.36
-0.56
-0.41
-0.91
-0.10
1.81
2.13
0.09
-1.37
-0.56
-0.82
-1.99
0.41
3.01
0.86
-1.63
-1.26
-0.23
0.81
0.99
-0.18
-0.33
0.55
0.17
-0.88
-0.68
0.54
0.63
-0.94
-1.17
1.34
2.44
-0.98
-3.44
-0.12
2.81
1.33
0.39
-0.10
-2.34
-1.99
0.99
1.41
0.58
0.37
-1.71
-2.13
1.90
2.95
0.11
0.06
-0.71
-3.84
-1.26
3.20
0.67
-1.35
2.43
2.55
-2.15
-3.08
-0.97
-0.20
1.00
2.39
1.33
-0.38
-1.29
-1.40
0.23
1.30
-0.19
-1.55
-0.44
1.68
1.54
-0.56
-1.22
-1.34
-1.86
0.40
3.63
3.78
1.30
-3.71
-7.12
-1.71
6.08
4.31
-2.04
-2.26
0.27
0.40
1.31
1.40
-2.76
-4.88
-0.30
4.86
4.71
0.85
-3.58
-4.93
-0.49
3.69
1.32
-1.14
1.14
0.66
-3.18
-1.61
2.42
1.18
-0.90
0.53
1.25
-0.13
-1.01
-1.54
-1.54
0.72
2.68
0.96
-1.48
-1.02
0.60
0.76
-0.34
-0.43
0.94
0.40
-2.15
-1.76
1.09
1.73
1.15
1.58
0.51
-2.50
-3.29
-1.41
0.12
1.69
3.93
4.15
-0.35
-6.24
-5.24
1.40
3.79
1.85
1.27
0.59
-1.66
-2.33
-1.19
-0.34
1.65
3.09
-0.70
-3.82
-0.42
2.44
1.52
0.62
-0.58
-1.16
0.04
-0.75
-1.96
0.85
2.17
-0.64
0.50
3.13
-1.07
-4.24
-0.81
0.45
-0.19
3.10
3.41
-2.38
-3.95
0.31
1.55
0.23
1.18
1.02
-2.06
-1.96
1.87
1.60
-2.63
-2.61
1.98
4.53
1.76
-3.32
-3.77
0.49
1.44
-0.63
0.28
1.20
-0.11
0.85
1.81
-1.35
-3.39
-1.27
1.56
3.27
1.93
-2.08
-3.41
-1.33
0.75
2.12
2.25
1.00
-0.34
-1.90
-2.91
-1.28
1.71
2.55
0.86
-0.06
-0.05
-2.30
-3.08
1.79
4.81
0.68
-3.52
-2.55
0.63
2.90
2.82
-0.87
-4.17
-1.70
1.78
0.92
0.04
0.39
-0.62
0.02
2.25
1.33
-1.48
-2.24
-1.25
-0.24
-0.06
0.56
3.07
3.86
-0.45
-5.01
-4.47
-1.03
2.68
5.35
2.62
-2.80
-1.67
1.82
-2.55
-6.45
0.22
6.76
4.75
0.90
-1.75
-4.40
-3.99
-0.71
1.74
3.29
3.22
0.53
-1.45
-2.07
-2.98
-2.03
1.29
4.20
4.15
-0.26
-4.93
-4.04
1.09
4.71
2.56
-2.82
-3.43
0.58
1.54
-0.46
-0.43
0.62
0.75
0.54
-0.43
-0.00
1.46
-1.26
-4.16
-0.99
3.06
3.12
1.42
-0.09
-1.79
-2.32
-0.62
0.01
-0.66
1.30
3.04
0.75
-1.54
-1.09
-0.63
-1.13
-0.48
0.93
0.84
0.70
1.85
0.55
-3.06
-2.53
1.95
2.16
-1.86
-1.16
1.89
0.28
-0.38
1.99
1.31
-2.44
-6.47
-3.27
9.00
9.59
-5.02
-7.58
1.67
1.20
-3.00
0.25
3.55
2.34
-1.16
-4.56
-2.30
3.89
3.87
-1.08
-1.49
0.99
-0.14
-2.36
-1.51
0.16
0.84
2.36
3.29
-0.68
-5.12
-2.02
3.39
2.38
-1.15
-1.04
0.14
0.51
0.64
-1.90
-3.39
1.18
4.87
2.21
-1.22
-2.14
-2.48
-1.14
1.72
1.43
-0.70
0.50
1.84
0.00
-1.23
-1.04
-1.29
-0.80
1.34
2.52
-0.20
-2.33
1.22
3.19
-1.59
-3.86
0.20
2.61
0.98
-0.80
-1.33
-0.79
-0.25
-0.64
0.51
3.39
2.62
-1.45
-3.12
-2.45
-0.41
3.09
2.58
-2.45
-2.88
2.39
4.05
-0.06
-3.37
-2.82
-0.60
1.10
1.89
1.99
0.75
-1.18
-1.76
-1.15
0.25
1.54
0.19
-1.59
-0.24
1.19
0.64
0.66
1.00
-0.51
-2.41
-1.87
0.72
2.90
2.48
-1.13
-3.84
-1.62
2.02
2.02
0.21
0.03
-0.55
-2.04
-0.11
2.80
0.19
-3.28
-0.46
3.23
1.26
-2.28
-1.90
0.91
2.09
1.47
0.77
-0.89
-3.40
-3.29
0.01
2.66
3.33
3.11
-0.18
-4.95
-3.49
1.59
1.65
0.02
1.47
1.58
-1.06
-1.74
-0.01
-0.49
-2.15
0.94
4.88
1.33
-4.52
-3.70
1.71
5.05
2.74
-2.57
-4.60
-2.59
0.27
3.11
3.71
0.46
-1.69
-0.70
-1.73
-3.06
1.01
4.02
0.94
0.56
1.74
-3.31
-4.13
1.75
0.10
-2.35
3.56
3.45
-3.32
-1.12
3.90
-0.72
-5.39
-0.65
3.95
1.82
-0.19
0.24
-0.71
-1.98
-0.52
1.74
-0.31
-2.43
2.21
3.23
-3.27
-2.31
3.30
0.81
-2.79
-1.05
2.08
3.41
-0.85
-5.18
-0.05
4.75
0.14
-3.08
-0.39
1.29
1.31
-0.25
-3.83
-1.75
6.92
6.63
-4.79
-7.93
-1.62
-0.16
2.25
9.15
4.16
-8.20
-6.23
2.65
0.44
-3.06
3.62
6.51
-2.35
-6.61
0.14
3.83
-0.05
-1.86
0.25
1.31
2.46
2.59
-2.72
-6.85
-2.27
4.27
4.18
0.83
0.23
-1.00
-4.64
-2.94
3.07
3.35
1.05
2.51
-0.15
-6.07
-1.80
4.50
-0.53
-4.22
0.33
1.92
2.25
5.11
1.37
-6.14
-6.09
-0.94
3.79
5.44
1.16
-3.61
-2.84
0.25
1.39
-0.39
-1.06
2.73
2.97
-2.46
-1.56
1.82
-3.38
-3.54
6.00
3.20
-6.87
-0.57
8.37
0.98
-7.11
-3.47
1.67
2.67
2.75
0.61
-2.78
-1.41
0.78
-1.17
0.27
3.88
0.58
-3.02
-1.43
-0.78
0.94
3.59
-0.80
-3.61
2.07
1.90
-3.93
-0.84
4.41
0.78
-3.36
-0.89
2.64
2.60
-0.29
-4.08
-4.61
1.06
5.96
2.70
-2.42
-1.88
1.15
1.06
-2.61
-3.69
1.00
3.54
0.48
-0.37
2.12
0.76
-3.14
-2.42
0.69
1.03
0.90
1.41
0.06
-2.30
-2.83
0.03
4.21
4.06
-1.23
-4.27
-1.40
0.28
-1.86
0.68
5.61
0.70
-5.57
0.79
4.80
-2.94
-3.70
2.08
0.54
1.62
5.57
-2.49
-9.30
-0.45
5.35
-0.16
0.16
3.32
-2.99
-5.09
3.85
6.68
-1.25
-5.58
-0.52
3.34
0.28
-3.27
-4.77
-2.00
7.32
9.94
-0.44
-6.50
-2.47
-1.63
-4.20
-0.41
5.92
5.36
0.67
-1.88
-3.16
-3.11
-0.75
1.43
2.52
1.77
-0.25
-0.56
-2.08
-3.38
2.06
4.43
-1.22
-1.00
1.31
-2.87
-0.86
4.01
-0.66
-0.63
5.57
-2.59
-12.01
-1.10
8.88
3.27
0.04
1.59
-0.44
-1.67
-2.65
-4.46
-0.07
5.13
1.61
-1.16
2.88
1.43
-4.91
-2.17
2.78
-1.90
-4.01
3.22
5.14
0.56
-0.42
-1.05
-2.04
-0.64
-1.62
-1.81
2.34
2.89
-0.48
-0.15
2.08
0.53
-2.27
-2.12
-0.89
0.01
1.72
1.39
-1.05
0.51
2.70
-1.01
-4.01
-1.27
2.15
3.22
1.45
-2.47
-4.00
-1.96
1.36
5.03
4.94
-0.83
-5.81
-5.05
0.01
4.04
2.91
0.77
0.18
-2.44
-3.20
1.62
3.55
-0.93
-2.66
0.32
0.51
-1.18
1.06
3.88
1.31
-3.29
-3.33
-0.49
0.70
0.69
-0.33
-1.21
2.21
6.54
2.87
-5.84
-7.09
-1.13
0.85
0.45
3.94
4.67
-0.30
-3.66
-2.24
0.24
-0.33
-0.24
3.16
2.02
-3.90
-4.03
2.52
4.95
-0.08
-3.03
-1.07
1.52
3.78
0.03
-6.94
-3.91
1.83
0.80
4.35
8.15
-1.08
-6.38
1.19
-1.26
-10.81
-0.94
13.32
4.76
-5.74
0.53
2.81
-3.68
-4.82
-2.78
0.91
5.95
4.43
0.26
-0.56
-2.21
-4.58
-5.06
-1.80
7.23
11.27
0.19
-9.63
-4.86
0.59
1.75
5.14
3.30
-2.95
-3.31
-3.29
-3.63
3.29
7.90
3.16
-1.95
-4.48
-4.47
-0.06
2.30
0.69
1.96
2.34
-2.47
-2.59
2.08
0.63
-2.42
0.13
2.02
0.19
-0.83
0.96
1.59
-3.43
-4.75
4.22
5.35
-4.47
-3.41
5.06
3.89
-1.87
-4.59
-3.37
2.57
4.76
-0.98
-2.92
0.55
0.71
1.25
1.72
-4.15
-4.44
4.55
4.65
-2.40
-0.92
2.45
-1.06
-3.47
-1.44
0.36
1.77
3.05
2.26
0.57
-1.92
-6.26
-4.75
4.77
6.88
-0.30
-0.94
1.45
-3.53
-5.28
0.41
2.52
2.58
3.78
0.07
-4.14
-2.17
1.18
1.79
-0.63
-2.32
2.00
3.95
-2.27
-4.25
-0.52
-0.12
1.36
4.52
1.39
-2.53
-0.53
0.68
-1.32
-1.43
-0.43
-0.97
-1.07
1.27
4.64
4.52
-0.72
-5.62
-5.38
-1.43
2.38
3.87
3.64
1.26
-3.27
-3.79
0.94
2.72
0.15
-1.53
-1.39
0.08
1.37
-0.46
-1.94
1.05
3.32
1.13
-1.16
-1.15
-1.06
-2.18
-2.31
1.12
4.13
2.22
-0.04
0.13
-1.39
-3.24
-1.57
0.63
1.10
2.51
3.60
-0.54
-5.73
-2.97
3.35
2.95
-0.45
0.05
-0.13
-2.26
-0.66
1.47
-0.03
-0.25
1.37
0.63
-0.26
0.18
-1.31
-2.04
0.79
1.70
0.40
0.70
-0.63
-2.60
-0.73
1.04
0.52
1.04
1.27
-0.59
-0.48
1.24
-1.31
-3.04
2.30
4.49
-1.61
-4.71
-0.68
2.47
0.94
-0.26
2.20
1.87
-3.93
-4.62
1.65
3.03
-0.80
-0.73
2.49
2.48
-1.27
-3.59
-2.45
-0.25
2.40
3.77
1.60
-1.27
-3.08
-3.85
-0.73
3.96
3.59
0.53
-0.46
-2.29
-2.74
1.77
2.04
-3.03
-1.94
2.64
2.55
1.39
0.60
-2.54
-3.49
-0.04
1.43
-0.42
-0.56
1.35
2.11
1.62
0.44
-2.37
-3.97
-1.04
2.32
2.35
0.99
-0.81
-2.08
-0.28
3.36
2.57
-4.43
-6.55
1.03
5.70
2.68
0.11
-0.59
-2.19
-2.28
-0.22
0.93
1.73
1.92
-1.91
-4.35
1.16
5.56
1.16
-3.21
-1.87
-0.77
-0.82
1.71
2.73
0.11
-0.42
-0.15
-2.39
-2.20
0.65
1.54
1.71
1.89
0.15
-1.72
-2.00
-1.53
0.39
2.73
1.51
-1.50
-1.17
0.77
0.16
-1.20
-0.60
0.32
0.88
1.21
0.22
1.10
2.26
-3.56
-7.46
0.36
6.18
2.13
-0.13
0.96
-1.29
-3.56
-2.27
0.33
2.71
3.64
1.75
-1.60
-3.48
-2.13
1.49
2.58
-0.84
-2.17
1.63
3.10
-0.47
-2.59
-1.92
-1.11
1.04
3.05
1.46
-0.97
-0.80
-0.18
-1.07
-1.43
0.32
1.99
1.16
-0.82
-0.72
0.88
-0.36
-2.10
0.69
2.18
-0.81
-0.83
1.54
-0.05
-1.97
-0.69
-0.12
0.82
3.40
1.52
-3.12
-3.17
-0.12
2.09
1.84
-1.10
-2.27
0.61
2.95
1.91
-1.43
-3.48
-0.92
1.54
-0.53
-1.72
1.29
3.05
1.21
0.09
-0.65
-2.62
-1.45
0.80
-0.65
-0.29
2.90
1.68
-0.98
0.17
-0.41
-2.88
-1.19
1.37
1.30
1.31
0.89
-0.92
-1.15
0.16
-0.48
-1.58
0.67
2.64
0.82
-0.70
-1.53
-3.18
-0.76
4.08
3.48
-0.23
-1.32
-1.73
-2.88
-1.95
0.99
3.42
4.01
1.57
-2.30
-3.26
-1.81
-1.74
-1.01
2.54
3.60
1.06
0.14
-0.26
-2.34
-2.14
0.46
1.31
1.01
0.85
-0.95
-2.40
-0.12
2.14
0.72
-0.49
0.30
-0.16
-1.35
-0.43
0.92
0.45
-0.16
-0.07
-0.06
1.01
1.28
-1.39
-1.82
0.32
-0.99
-1.41
3.15
3.73
-1.44
-2.76
-0.55
-0.48
-0.05
1.83
1.57
-0.36
-1.43
-1.27
-0.22
0.92
1.17
0.24
-1.15
-1.03
1.18
1.48
-2.36
-2.45
3.45
4.14
-0.53
-2.97
-4.34
-1.71
4.79
4.40
-1.46
-2.16
0.65
-0.04
-2.26
-1.69
0.73
2.83
2.11
-1.35
-1.73
1.25
0.34
-3.02
-1.35
2.64
2.63
0.23
-1.04
-1.34
-0.86
0.90
1.99
0.17
-3.31
-4.08
0.79
6.00
4.28
-1.06
-2.95
-2.43
-2.17
-1.12
0.70
2.33
3.33
2.17
-1.18
-3.15
-2.35
-0.86
0.72
1.25
1.15
2.37
1.36
-1.94
-2.65
-2.11
-0.90
2.56
4.30
1.39
-2.57
-3.41
-1.34
0.74
1.45
0.95
0.67
2.04
1.47
-3.70
-5.90
-0.12
5.06
2.72
-0.92
-0.59
-1.14
-3.52
-1.39
4.09
5.53
2.42
-1.48
-5.06
-5.50
-1.13
2.38
2.45
3.31
3.52
-0.81
-3.59
-1.37
-2.83
-4.25
4.95
9.54
-1.23
-7.08
-1.22
1.19
-0.48
0.52
1.64
1.58
0.63
-2.46
-3.50
0.58
4.01
2.34
-1.50
-4.16
-3.00
3.08
6.22
0.50
-4.45
-1.72
1.39
0.03
-2.33
-1.47
2.28
3.09
0.52
0.63
0.75
-3.26
-3.81
1.05
2.39
0.62
0.73
-0.30
-2.32
-0.63
2.28
1.86
-0.60
-1.98
-0.93
0.72
0.44
-0.21
0.80
1.73
-0.20
-3.16
-1.87
2.23
3.29
1.09
-2.13
-3.93
-1.46
2.46
2.80
1.05
0.29
-0.97
-2.61
-1.82
0.06
1.09
2.41
2.38
-0.28
-1.72
-1.13
-1.39
-1.70
-0.26
2.55
4.25
1.51
-2.87
-2.98
-0.56
0.28
0.08
-0.19
0.45
1.85
1.21
-0.83
-1.07
-0.54
-1.33
-1.10
1.06
2.00
1.95
1.81
-1.17
-4.92
-3.37
1.67
3.72
2.99
1.69
-1.56
-4.29
-2.50
0.81
1.81
1.47
0.83
0.02
0.00
-0.35
-2.26
-1.52
2.76
2.90
-1.93
-3.32
0.62
3.36
0.74
-3.07
-1.91
1.88
2.07
-0.03
-0.37
-0.37
-0.71
0.03
-0.20
-1.02
0.75
2.07
0.15
-1.29
-0.98
-0.66
0.55
1.60
0.00
-1.45
-0.30
0.49
0.21
0.63
0.45
-0.35
0.09
0.07
-1.02
-0.10
1.49
-0.58
-3.02
-0.21
3.04
1.35
-0.06
0.77
-0.89
-2.59
-0.13
1.37
-1.68
-1.95
3.20
3.86
-0.99
-2.03
-0.22
-0.81
-1.81
-1.16
0.59
3.67
5.75
1.33
-6.95
-7.16
0.56
3.87
2.63
2.72
0.03
-4.20
-1.75
2.61
1.18
-1.92
-2.48
0.26
4.46
2.66
-3.35
-2.42
2.13
0.61
-2.27
-1.22
0.07
0.71
2.13
2.76
0.80
-2.81
-4.07
-2.04
0.77
3.60
3.80
0.23
-2.10
-1.52
-1.04
-1.35
-0.91
1.67
3.52
0.89
-1.77
-0.89
-0.82
-1.32
0.95
1.74
-0.60
-0.27
1.21
-1.28
-1.72
2.49
1.35
-3.52
-0.55
4.20
1.52
-2.44
-3.69
-2.44
2.40
4.91
1.39
-1.38
-1.35
-2.31
-1.36
1.03
-0.19
0.17
3.59
2.51
-1.76
-3.96
-2.29
2.37
2.91
-1.45
-1.36
1.91
-0.07
-2.63
0.23
1.94
0.02
0.37
1.89
0.60
-2.18
-4.29
-2.48
4.34
6.20
-1.80
-5.16
0.67
1.99
-1.14
0.07
1.69
0.24
-0.90
-1.23
-0.18
1.47
0.22
-1.47
-0.47
0.55
0.27
0.74
1.69
0.17
-2.36
-1.95
0.03
1.00
0.90
0.77
1.77
1.27
-2.21
-3.61
-0.92
1.24
0.50
0.32
2.59
2.16
-2.12
-2.43
1.14
0.40
-2.30
-1.06
0.58
0.87
2.14
2.38
0.78
-1.34
-4.30
-4.42
1.05
5.47
3.67
0.00
-1.90
-3.62
-4.22
-0.67
5.35
7.34
1.11
-6.30
-5.11
-0.06
1.07
1.52
1.93
0.37
0.76
0.89
-2.74
-2.45
2.89
2.87
-2.38
-3.66
-0.78
1.69
2.76
1.63
-0.53
-1.12
-1.11
-1.22
-0.88
-0.07
1.97
3.36
1.24
-2.69
-3.90
-0.22
3.04
0.30
-2.52
0.52
3.08
0.48
-1.54
-0.20
-0.45
-2.21
-0.46
1.85
0.68
0.64
2.12
0.38
-2.45
-3.28
-2.07
2.44
5.87
1.91
-3.76
-3.28
-1.00
-1.13
1.47
4.50
0.34
-2.90
0.75
1.22
-1.54
-0.63
-0.27
-1.16
0.93
2.27
-0.17
-2.23
-0.44
2.49
1.27
-2.49
-2.04
1.87
2.79
0.30
-2.62
-4.25
-1.49
4.12
5.57
1.43
-3.01
-2.87
0.11
0.34
-1.04
-0.54
-0.56
-0.41
2.44
3.23
0.02
-2.04
-1.20
-0.64
-0.74
0.44
-0.01
-1.13
2.26
3.24
-1.37
-2.12
-0.97
-1.84
1.65
4.58
-0.23
-3.37
-1.07
-0.46
0.15
2.36
1.22
-0.53
0.55
-0.22
-2.76
-2.29
0.52
2.06
1.69
1.48
0.76
-2.05
-2.79
0.07
0.59
-0.37
2.31
3.11
-1.95
-4.66
-1.67
0.89
2.26
5.32
4.25
-4.24
-8.19
-2.45
2.11
2.73
3.60
2.37
-0.85
-2.67
-2.93
-1.07
2.44
3.02
-0.54
-3.35
-2.10
1.25
3.13
3.00
1.02
-3.25
-4.43
0.56
3.02
-0.28
-1.38
0.26
0.46
0.93
0.66
-2.00
-1.07
2.94
1.63
-2.02
-1.07
0.34
-1.30
-1.69
0.82
2.42
1.59
0.32
-0.24
0.31
-0.45
-3.86
-3.14
2.77
3.92
-0.69
-1.96
1.51
2.59
-0.47
-2.06
-1.50
-2.08
-0.72
3.70
4.36
-0.07
-3.28
-2.76
-0.39
1.44
0.90
-0.15
0.77
1.34
-0.15
-2.26
-3.45
-0.26
5.86
4.85
-2.85
-5.12
-2.63
-1.53
2.57
6.61
1.99
-4.43
-4.40
-0.80
3.98
6.26
0.84
-6.30
-6.42
-1.71
2.95
5.87
4.31
-0.35
-2.56
-3.59
-5.10
-1.64
5.65
7.09
1.01
-3.70
-3.00
-1.39
-0.42
0.84
1.16
0.83
-0.38
-1.71
0.84
3.53
0.50
-2.71
-2.03
-0.51
1.10
0.44
-2.87
0.08
7.21
3.48
-5.77
-4.94
0.18
1.70
2.77
0.63
-4.06
-2.06
2.80
1.85
1.14
3.46
0.13
-6.37
-4.62
1.70
1.82
0.26
3.58
4.25
-1.11
-4.88
-4.06
-1.25
2.00
4.59
4.25
-0.40
-5.33
-4.41
1.01
3.64
1.51
-0.19
0.69
-0.18
-3.00
-2.07
0.86
0.63
1.51
4.24
0.88
-5.20
-4.17
1.11
4.33
3.06
-2.49
-3.76
1.74
2.30
-3.02
-2.89
2.38
3.66
0.62
-0.78
-0.50
-1.62
-2.83
-1.43
3.04
6.37
1.81
-5.91
-4.64
1.50
1.03
-1.24
1.48
3.65
1.94
-0.66
-2.31
-2.76
-2.84
-1.66
2.50
5.45
2.53
-1.81
-2.45
-1.94
-1.11
1.83
2.72
-0.52
-1.84
0.38
0.19
-2.54
-1.43
3.31
4.98
0.98
-4.62
-5.00
0.69
3.19
-0.22
0.36
4.00
0.68
-4.28
-3.19
-1.04
0.58
3.22
2.67
-0.37
-1.52
-1.74
-0.53
2.52
2.36
-1.00
-2.49
-2.25
-1.06
3.09
4.11
-2.87
-5.01
2.02
4.06
1.76
1.59
-3.65
-8.07
-0.03
7.74
3.80
-2.77
-4.37
-1.14
3.24
2.44
-1.71
-1.15
1.80
0.17
-2.38
-0.93
0.60
0.12
0.88
2.14
0.98
-1.25
-2.50
-2.58
-0.27
3.90
4.03
-0.86
-2.89
-1.63
-1.74
-0.19
2.78
2.62
0.35
-2.15
-2.44
0.36
1.85
0.54
-0.70
-0.61
-0.53
0.13
3.06
2.24
-4.76
-5.12
3.18
4.47
-1.24
-0.94
2.23
-1.10
-4.94
-0.67
4.97
3.95
0.63
-2.53
-6.52
-3.82
5.15
6.29
1.06
0.31
-2.85
-9.30
-3.03
9.01
6.88
-0.06
0.75
-2.17
-9.36
-5.47
5.08
7.08
2.43
-0.05
-0.63
-2.34
-2.84
-0.67
0.44
0.04
1.71
3.37
0.85
-2.46
-2.07
-0.58
-0.86
-1.29
0.46
3.05
2.69
0.52
-0.30
-0.95
-2.12
-2.79
-1.62
1.91
3.63
1.19
-1.50
-1.57
0.63
1.62
-0.61
-0.90
0.66
-1.11
-1.31
1.40
-0.09
-1.83
1.02
2.27
0.99
1.18
0.53
-2.73
-4.47
-1.60
2.18
2.58
2.36
3.27
-0.31
-7.35
-5.46
5.03
6.59
-1.08
-1.55
0.54
-3.91
-1.71
5.93
1.80
-4.28
-0.72
0.09
-2.05
1.90
3.93
0.29
-1.51
-1.89
-2.05
0.75
2.23
-0.30
-0.74
1.83
1.46
-1.22
-2.18
-3.05
-2.10
4.50
7.74
0.52
-6.52
-4.52
0.26
0.97
1.45
4.59
3.54
-3.10
-6.31
-3.75
0.53
4.84
5.17
0.80
-1.89
-1.37
-1.26
-3.11
-3.48
2.18
6.96
2.69
-2.16
-1.88
-2.65
-3.23
-0.24
2.19
2.84
2.74
0.40
-2.30
-1.98
-0.02
1.06
0.10
-2.12
-1.52
2.13
3.42
1.35
-1.58
-4.14
-2.70
2.38
3.09
-0.12
0.44
1.41
-1.26
-1.61
-0.73
-2.27
2.10
8.81
0.89
-11.79
-7.65
3.71
6.01
5.24
4.98
-2.19
-9.20
-4.62
2.40
3.28
2.75
1.01
-1.53
-0.00
1.74
-0.34
-1.05
-0.71
-3.12
-2.12
3.07
3.27
0.21
-0.64
-1.79
-1.60
1.41
1.95
0.17
0.13
0.33
-1.54
-3.34
-1.53
3.23
4.62
0.32
-2.82
-0.75
0.63
-1.84
-2.34
2.07
6.19
2.76
-6.99
-9.68
-0.39
7.96
7.67
2.94
-2.63
-5.84
-5.17
-3.02
1.63
7.49
5.41
-2.98
-4.33
0.04
-0.18
-1.57
0.71
2.11
0.88
-0.59
-0.83
0.03
-0.29
-1.47
0.29
3.37
1.39
-4.53
-4.27
3.95
6.20
-1.82
-4.55
0.78
1.02
-2.13
-0.21
2.79
2.42
0.02
-2.57
-2.67
-0.77
1.25
3.97
1.44
-6.56
-3.53
9.81
10.08
-6.09
-17.81
-8.67
13.28
18.92
2.00
-10.70
-8.91
-4.65
-0.41
5.98
7.93
2.63
-1.94
-3.52
-6.47
-5.08
3.69
7.84
3.86
0.68
-0.17
-2.60
-5.50
-4.60
-0.13
5.11
9.10
4.36
-7.82
-9.98
-0.92
3.65
3.17
3.01
-0.02
-2.90
0.07
1.95
-1.65
-1.96
1.34
0.93
-0.07
0.27
-1.88
-1.70
3.87
3.75
-3.91
-4.63
1.35
2.14
0.02
-0.27
0.21
2.43
2.69
-1.87
-3.85
-1.46
-1.39
-0.68
4.15
3.32
-1.83
0.59
2.61
-3.15
-5.15
-0.11
4.46
4.39
-1.41
-6.94
-3.40
4.40
4.12
-0.53
1.13
2.41
-2.58
-2.93
1.56
-0.80
-4.72
-0.02
4.69
1.77
0.32
2.91
-0.04
-5.46
-2.19
3.08
-1.04
-4.53
1.83
5.25
0.24
-0.89
2.63
1.02
-4.27
-5.58
-0.92
4.39
3.34
-0.95
0.28
3.33
-0.03
-4.21
-2.38
0.14
-0.69
-0.21
2.45
2.10
0.59
1.35
-0.38
-3.81
-2.56
0.40
0.87
2.45
3.64
-0.77
-3.83
-0.20
0.28
-3.80
-0.83
6.25
4.30
-2.46
-1.33
2.10
-2.77
-7.12
-1.26
5.26
3.82
1.18
1.86
0.56
-3.63
-6.03
-4.55
1.53
7.94
7.05
1.15
-2.82
-4.64
-5.77
-4.17
1.08
5.24
5.18
4.66
2.05
-7.45
-11.25
0.75
9.39
3.28
-1.32
0.15
-2.12
-4.69
-1.54
3.25
5.27
1.99
-3.84
-4.43
-1.17
0.89
3.51
4.40
-0.45
-4.13
-1.51
0.29
-0.39
1.50
1.85
-1.28
-1.20
0.63
0.11
0.45
0.05
-2.82
-0.75
4.30
2.29
-2.49
-2.07
0.30
0.66
-0.43
-0.81
1.12
2.96
0.77
-3.88
-4.07
1.23
3.51
0.02
-1.07
1.82
1.27
-1.25
-0.75
-0.91
-1.23
1.39
1.90
-0.65
-2.80
-3.11
1.95
7.82
3.31
-5.61
-4.75
0.76
-0.12
-2.24
0.59
3.44
2.65
-0.13
-2.32
-1.03
1.63
0.61
-1.86
-1.39
0.23
1.03
1.91
1.20
-1.77
-2.81
-0.92
0.92
2.33
2.46
-0.62
-2.60
0.56
1.58
-3.51
-4.30
2.61
5.70
1.14
-1.81
0.92
1.95
-3.02
-6.46
-2.16
4.18
4.57
0.61
-0.52
0.83
0.09
-1.26
-2.59
-3.75
-0.08
4.61
2.40
0.05
2.84
0.88
-5.86
-5.74
-0.44
2.43
4.14
4.60
0.80
-3.16
-2.61
-1.02
-1.71
-0.98
2.69
3.49
-0.51
-3.38
-1.39
2.12
2.66
1.19
0.12
-1.33
-2.02
-1.48
-2.01
-0.87
3.98
5.43
0.13
-3.69
-2.14
-1.57
-2.43
0.61
4.39
3.23
0.06
-0.34
-0.49
-3.15
-3.68
-0.67
2.21
4.87
3.45
-3.52
-4.68
0.58
0.37
-1.64
3.38
7.47
0.96
-9.11
-8.28
2.41
5.87
0.54
1.25
4.65
-1.11
-6.99
-2.08
3.25
1.09
-0.02
0.89
-1.81
-1.66
4.24
4.62
-3.43
-6.87
-0.45
3.38
-0.14
-0.10
3.68
2.67
-1.00
-3.24
-3.83
-2.26
0.54
3.52
4.35
1.12
-1.85
-1.55
-1.49
-2.02
0.45
2.74
0.43
-1.24
1.26
2.49
-1.21
-6.11
-4.21
4.54
8.50
2.92
-3.30
-4.45
-3.88
-2.35
2.00
4.38
1.44
-0.64
0.74
0.52
-2.14
-2.89
0.44
4.10
2.50
-2.86
-4.89
-0.71
4.39
2.55
-3.60
-2.72
3.45
3.67
-0.99
-3.06
-1.78
-0.05
0.92
1.65
1.08
-0.80
-0.03
2.28
-0.60
-5.06
-1.52
4.82
2.65
-4.01
-4.36
1.98
6.14
2.78
-2.16
-3.06
-3.05
-2.02
2.19
3.19
-0.50
0.36
3.68
-0.38
-4.72
-1.29
0.52
-1.97
-0.07
3.92
2.85
-0.65
-1.42
-0.23
-0.18
-1.92
-2.60
1.08
5.14
2.90
-2.58
-5.08
-3.07
2.25
4.74
1.46
-0.67
0.33
-1.36
-4.69
-2.74
3.28
4.48
0.60
0.51
2.50
-2.75
-8.83
-2.11
8.74
5.78
-3.28
-2.75
0.91
-1.10
-2.80
0.49
2.98
0.13
-1.85
1.73
3.40
-1.45
-5.43
-2.62
3.25
5.22
1.55
-2.64
-2.03
0.01
-2.05
-2.95
2.76
7.39
2.60
-5.93
-6.78
-0.96
2.48
3.34
5.24
3.50
-3.78
-7.39
-4.19
-0.73
2.88
7.67
6.56
-1.07
-6.26
-5.86
-2.59
0.18
1.68
5.38
5.78
-2.01
-4.00
2.34
-0.32
-8.56
-4.80
6.87
10.16
2.39
-5.23
-4.64
-1.48
-3.07
-2.87
5.57
10.31
2.48
-5.85
-5.96
-3.48
-0.41
4.59
5.56
0.08
-2.94
-1.20
-2.61
-3.41
3.61
6.95
-0.08
-3.92
-0.64
-0.84
-3.66
-0.41
5.19
4.59
0.23
-3.10
-5.41
-3.00
3.57
3.97
-0.36
0.42
1.91
-0.98
-2.65
-1.79
-0.34
2.02
1.38
-2.44
-0.59
5.28
3.08
-4.14
-5.09
-1.40
1.48
2.44
1.20
-0.17
0.54
2.16
0.83
-3.97
-5.14
-0.01
3.70
2.66
1.21
0.85
0.19
-2.53
-5.99
-3.01
5.98
8.54
1.89
-4.22
-6.96
-6.07
1.95
7.50
2.23
-0.50
3.53
-0.41
-9.07
-6.02
4.76
8.01
3.02
-1.55
-3.19
-3.67
-2.91
0.45
4.41
3.49
-0.46
-1.18
-1.23
-2.54
-0.38
2.92
1.95
-0.56
-1.03
-1.01
-1.91
-1.29
2.20
4.10
1.41
-2.67
-4.16
-1.46
3.07
3.93
0.19
-2.83
-2.44
-0.55
1.43
1.80
0.91
0.69
-0.76
-1.94
0.44
1.00
-1.82
-1.36
1.42
1.03
-0.52
0.55
1.59
-0.43
-1.75
0.52
0.90
-2.60
-1.80
2.73
1.66
-0.51
2.51
1.90
-4.41
-5.70
-0.39
4.12
4.66
2.28
-1.41
-5.15
-5.15
1.29
5.64
1.70
-1.68
-0.27
0.82
1.40
0.64
-3.46
-4.58
-0.61
2.58
5.36
5.17
-2.76
-7.80
-3.47
1.12
4.14
6.88
2.50
-6.32
-7.28
-1.10
3.00
4.17
2.95
-1.26
-3.11
-1.03
0.99
2.68
1.41
-4.12
-4.50
2.05
4.04
0.98
1.25
1.39
-4.43
-6.38
2.20
6.42
0.66
-1.38
-0.08
-2.92
-2.45
2.94
2.92
-1.57
-2.76
0.15
3.60
2.50
-1.69
-2.16
-0.43
-1.88
-2.85
2.03
6.01
2.30
-2.38
-3.12
-2.08
0.93
2.15
-1.82
-2.95
2.34
4.84
0.73
-3.19
-2.62
-0.11
1.15
1.62
2.37
0.75
-3.92
-5.34
-0.28
4.33
3.35
1.34
0.36
-1.21
-1.79
-2.83
-3.17
1.98
5.34
0.51
-2.45
0.84
0.94
-2.60
-1.85
1.33
1.30
0.29
1.07
1.02
-2.04
-3.92
-0.10
4.28
2.17
-1.67
-0.34
1.06
-1.37
-3.03
-2.63
0.59
5.58
4.67
-0.80
-2.56
-2.14
-3.43
-3.57
1.27
7.50
5.80
-1.95
-4.61
-3.25
-3.60
-0.78
6.16
6.82
-1.30
-6.27
-2.99
0.43
1.77
3.55
2.22
-1.77
-2.52
-0.35
0.10
-1.47
-0.80
2.30
2.51
0.45
0.31
-1.18
-3.91
-0.75
2.79
-0.84
-0.48
4.57
0.23
-4.00
1.33
1.42
-3.35
-0.91
1.51
0.20
1.52
-0.14
-3.90
1.17
5.67
-0.09
-2.61
1.19
-0.93
-5.35
-2.37
3.56
4.99
1.64
-1.99
-1.86
-0.44
0.12
2.03
1.92
-1.88
-3.40
-2.54
-0.78
4.06
5.52
-0.99
-5.02
-0.99
3.02
2.71
1.08
-1.40
-4.81
-4.92
-0.09
4.68
4.64
1.78
0.98
0.91
-2.76
-7.29
-5.86
2.03
8.79
7.37
-0.18
-5.88
-6.60
-3.64
2.78
8.08
4.71
-3.94
-6.40
-0.72
3.29
-0.01
-2.76
2.03
4.99
-1.39
-5.15
0.48
3.30
-0.77
-2.39
0.39
3.37
3.55
-1.27
-5.92
-4.11
0.01
2.27
5.07
5.60
-1.06
-7.25
-3.56
3.17
2.94
-1.12
-1.94
0.73
2.87
0.90
-2.70
-1.71
1.97
1.22
-3.53
-3.89
3.29
8.05
3.27
-4.65
-7.81
-4.38
2.13
5.62
3.96
0.47
-2.15
-3.56
-1.54
4.35
6.31
-1.85
-10.62
-7.62
3.17
11.19
9.75
-1.62
-9.12
-3.88
-0.50
-4.76
0.15
12.50
9.24
-6.47
-10.54
-3.04
1.38
2.87
5.09
3.81
-2.37
-6.34
-2.52
2.63
1.51
-0.48
1.87
2.82
-1.16
-5.15
-2.97
3.44
5.05
2.20
-0.05
-4.40
-6.25
0.43
3.83
-0.29
1.37
5.93
0.04
-7.99
-3.69
5.25
4.71
-1.40
-3.27
-2.06
-0.41
3.28
4.07
-2.70
-6.20
1.76
6.59
-0.43
-3.80
0.36
-0.50
-2.22
1.43
2.18
0.27
0.51
-0.85
-2.15
0.79
2.35
-0.95
-2.00
1.57
1.86
-2.31
-3.21
0.31
2.91
2.33
0.35
-0.43
-0.08
-1.24
-3.34
-3.24
0.23
4.93
5.64
2.22
-1.06
-5.09
-7.25
-1.93
4.64
4.22
1.21
1.96
2.71
-1.54
-6.69
-5.50
0.90
4.20
2.02
1.26
3.17
-0.06
-5.56
-3.09
2.29
2.08
2.02
2.80
-3.27
-6.87
1.35
5.53
-0.64
-1.68
2.88
1.90
-2.87
-4.33
-1.87
1.52
3.66
2.45
-0.69
-0.47
0.95
-1.07
-2.38
-0.92
-0.87
-1.61
1.59
6.11
3.71
-3.12
-4.81
-1.35
0.70
-1.41
-1.95
4.22
7.05
-0.55
-5.84
-2.70
-0.15
1.23
3.79
0.38
-5.71
-1.63
5.91
3.56
-2.35
-2.60
-0.00
0.22
-1.42
-1.62
-0.14
2.59
4.90
2.58
-3.53
-5.69
-1.43
1.36
0.41
0.93
1.69
1.34
0.76
-1.22
-1.20
0.64
-1.35
-3.15
-0.25
1.92
2.49
4.26
1.83
-4.74
-5.31
-0.56
1.16
1.81
3.60
1.08
-3.87
-3.76
0.19
3.04
3.93
2.22
-2.45
-4.57
-0.35
2.31
-1.62
-3.16
2.39
5.54
-0.27
-5.04
0.23
4.35
-1.10
-3.85
0.57
1.60
0.62
1.42
-1.91
-3.36
1.95
2.31
-0.55
2.64
2.43
-5.58
-7.21
1.58
6.28
1.21
-1.52
1.77
1.76
-1.91
-3.85
-3.21
1.31
6.12
3.49
-2.31
-3.50
-2.54
-1.10
1.07
0.66
0.50
4.21
4.64
-2.10
-7.92
-5.04
3.25
5.65
1.27
-0.12
0.20
-2.46
-1.83
1.72
-0.12
-2.20
1.74
1.92
-2.35
0.26
3.23
-1.10
-1.41
1.82
-1.75
-3.55
1.17
1.94
0.41
0.40
-2.59
-1.16
7.28
5.28
-6.34
-6.62
0.81
0.41
-1.71
1.24
4.70
6.63
1.92
-9.84
-11.75
0.84
8.48
4.90
1.87
0.16
-3.78
-3.08
2.52
1.74
-4.44
-2.98
3.55
2.65
-0.89
1.94
2.79
-3.00
-4.43
-0.21
-0.19
-1.27
3.44
5.63
1.13
-1.78
-3.52
-6.31
-3.04
4.04
5.71
3.93
1.72
-2.78
-5.53
-3.18
-0.08
1.36
3.37
5.06
2.16
-4.17
-6.58
-2.62
1.61
2.41
3.87
4.83
-1.04
-6.02
-1.63
0.95
-2.66
-0.82
4.72
4.26
0.34
-1.91
-2.85
-2.58
-0.87
0.59
1.63
2.27
1.70
1.38
-0.59
-4.76
-3.61
1.79
2.89
1.96
1.66
-1.09
-3.03
-1.01
0.92
0.66
0.13
-0.20
-0.96
0.03
3.21
2.35
-2.79
-3.65
-1.15
-0.60
1.83
4.21
0.16
-2.49
1.32
2.18
-0.92
-1.56
-2.27
-3.89
-0.68
4.14
3.91
2.40
1.99
-2.20
-7.69
-4.91
4.63
6.84
-0.32
-2.21
1.32
-2.30
-5.08
2.00
4.76
0.48
1.28
1.82
-3.60
-5.41
-1.37
2.79
5.24
3.28
-3.34
-5.84
0.23
4.31
0.44
-1.29
0.51
-1.88
-3.25
0.47
3.39
4.98
3.73
-3.55
-7.70
-3.38
-0.19
1.16
6.41
7.19
-0.51
-5.27
-4.35
-3.85
-1.99
3.86
8.81
5.84
-4.49
-11.47
-5.74
6.10
7.27
1.13
2.45
1.64
-7.65
-7.92
1.20
4.31
3.23
2.52
-1.24
-3.09
1.45
3.83
-0.61
-4.66
-4.26
-1.15
3.24
5.35
3.45
0.29
-2.88
-4.47
-2.67
-0.19
0.88
1.71
2.21
3.34
3.85
-2.52
-9.76
-4.28
5.49
4.42
0.49
1.76
0.16
-3.10
-0.92
-0.22
-3.70
-1.64
5.23
6.42
1.43
-2.53
-4.16
-4.74
-1.10
3.83
1.24
-2.02
3.82
5.76
-3.72
-7.29
0.43
4.41
1.16
-1.99
-3.11
-0.69
5.08
5.45
-2.68
-7.07
-2.23
1.85
2.59
3.38
1.12
-2.04
-1.39
-1.24
-2.87
-0.22
4.32
2.62
-1.84
-0.79
2.29
0.56
-2.87
-2.48
-0.47
-0.90
-0.49
3.60
5.37
1.61
-2.69
-4.68
-4.97
-1.67
4.95
6.13
0.12
-0.77
1.57
-4.79
-7.96
2.35
8.54
3.99
-0.18
-4.91
-8.68
-2.74
5.42
7.11
5.99
0.50
-8.97
-10.13
0.86
11.05
7.63
-3.85
-7.61
-3.28
0.87
4.23
3.91
-1.57
-3.53
-0.42
-0.33
-0.93
3.22
4.30
-0.57
-2.27
-1.84
-3.56
-1.65
2.37
2.05
1.24
2.25
1.82
-0.40
-2.63
-2.29
-1.73
-3.29
0.72
7.91
3.97
-4.45
-2.60
0.77
-2.97
-3.50
2.16
4.96
4.51
2.49
-3.37
-7.51
-5.07
0.57
5.48
5.08
0.42
-0.70
0.32
-2.41
-4.74
-1.80
3.20
5.50
3.02
-2.95
-7.00
-3.57
4.00
6.74
3.64
-2.14
-6.33
-2.93
1.90
0.49
0.77
3.64
0.11
-2.75
1.55
1.51
-3.09
-1.65
-0.49
-2.55
2.42
6.93
0.74
-3.43
-0.04
0.15
-2.94
-2.55
-0.35
0.06
1.53
6.10
5.56
-4.41
-9.64
-1.38
5.45
2.01
-1.14
0.34
1.88
1.59
-1.85
-4.87
-2.07
1.84
1.51
0.66
2.37
2.97
-0.52
-2.86
-0.16
-0.72
-6.52
-3.18
8.59
9.01
-1.86
-5.78
-1.05
1.04
-0.22
-0.93
-1.97
-1.11
1.92
1.26
-0.32
3.73
5.30
-3.26
-8.99
-2.66
3.22
2.01
2.11
3.84
1.58
-2.88
-5.73
-3.95
1.64
4.89
4.46
2.04
-2.20
-4.80
-4.04
-2.45
0.89
6.20
6.84
0.55
-4.58
-3.44
-1.15
-3.06
-2.93
4.98
8.63
1.33
-4.00
-3.61
-4.17
-1.11
6.19
5.34
-2.88
-5.25
-1.18
1.82
2.32
1.62
0.35
-1.03
-2.71
-3.11
-0.20
3.63
4.34
1.52
-2.12
-3.01
-2.08
-3.03
-1.78
4.88
8.35
3.50
-3.94
-7.51
-5.78
-1.06
4.81
7.74
3.32
-3.03
-4.27
-2.11
-0.64
-1.28
0.01
5.01
5.62
-0.82
-5.64
-3.96
-0.50
0.37
1.66
3.55
1.42
-0.93
1.26
1.33
-4.11
-5.81
0.42
4.57
1.82
0.45
0.97
-2.98
-4.53
1.84
6.11
3.29
-1.62
-6.27
-7.17
-0.39
8.23
8.39
0.66
-4.11
-3.82
-6.14
-5.10
6.54
11.06
0.00
-5.36
-0.70
-1.94
-4.04
1.89
4.17
-0.08
-0.08
1.74
-0.37
-1.40
-0.21
-0.08
0.47
-0.44
-4.22
-2.33
4.84
5.07
-0.03
-1.21
-0.34
-0.70
-1.95
-4.00
-1.96
4.33
5.08
1.00
-0.32
-2.32
-4.74
-0.97
3.98
3.21
0.24
-1.39
-2.10
-1.42
-0.36
-0.29
0.80
3.20
3.67
1.22
-3.10
-6.81
-4.08
3.33
4.16
-0.15
1.41
4.14
-0.73
-5.87
-3.90
1.28
5.40
5.22
-1.21
-7.56
-6.03
1.17
5.97
5.23
1.77
-1.60
-2.74
-1.44
-1.95
-4.20
-1.42
5.55
7.10
1.20
-3.04
-1.21
-0.90
-5.35
-4.87
3.54
8.74
4.38
-3.62
-5.85
-1.58
0.88
0.92
2.28
1.13
-1.17
-0.43
-0.57
-1.11
1.11
1.52
-0.88
-1.12
0.62
0.54
-1.21
-1.21
1.29
2.65
0.60
-1.92
-0.83
1.32
-1.04
-3.43
0.05
3.58
1.01
-2.42
0.55
4.30
1.09
-2.96
-3.63
-4.25
-1.14
4.98
4.97
2.12
1.99
-1.14
-7.09
-7.75
-0.30
8.00
7.70
1.05
-4.12
-4.69
-2.13
-0.58
1.14
3.88
2.22
-1.61
-1.60
-0.13
0.11
-0.07
0.05
0.23
0.13
0.80
0.64
-2.54
-3.73
1.70
6.63
2.32
-5.43
-5.72
0.48
5.04
3.35
-2.13
-3.96
0.18
3.30
1.84
0.91
-0.36
-6.97
-8.11
4.41
11.82
3.54
-3.34
-1.53
-1.96
-5.20
-3.91
0.19
4.17
7.00
4.55
-1.60
-4.54
-3.75
-2.03
0.41
0.94
-1.08
1.11
6.06
3.88
-2.78
-4.98
-3.38
-1.22
0.45
1.00
2.49
5.28
4.23
-2.94
-8.66
-5.58
1.61
5.32
6.17
4.07
-3.40
-8.57
-3.29
4.02
2.75
-1.35
-0.02
2.76
2.67
-0.19
-5.45
-4.90
3.57
5.48
-0.68
-1.68
0.51
-1.33
-2.12
0.79
2.48
1.40
-0.64
-1.70
-1.48
-1.73
-1.00
3.76
7.73
2.50
-6.77
-6.98
-1.33
-0.29
0.37
4.72
4.75
0.49
0.77
0.16
-8.07
-8.74
4.57
10.76
2.73
-2.46
-1.93
-4.27
-4.80
0.07
5.68
8.31
1.63
-9.10
-6.98
2.97
4.61
1.49
0.95
-0.12
-2.94
-3.87
-0.79
3.68
4.22
0.26
-2.15
-0.48
-0.12
-1.86
-0.52
1.69
0.08
-1.81
-0.24
1.83
2.06
1.46
-0.35
-3.25
-4.05
-0.67
3.42
3.47
2.32
2.64
-1.06
-7.54
-6.72
0.68
4.80
4.62
3.69
0.21
-3.26
-2.16
-1.26
-2.37
-0.43
2.61
1.71
-0.52
1.35
3.80
-0.30
-5.35
-3.09
0.06
-0.19
3.25
6.80
0.75
-6.92
-4.76
1.27
2.52
1.36
0.39
-1.95
-2.00
3.47
5.75
-0.93
-5.67
-1.77
1.79
-0.61
-3.40
-0.47
5.36
5.64
-0.50
-5.12
-3.52
0.48
1.77
0.70
-0.15
0.47
1.96
1.62
-1.01
-2.73
-2.88
-2.24
0.92
4.75
3.83
-0.11
-1.17
-2.31
-6.11
-2.76
7.16
6.31
-2.68
-2.11
2.67
0.20
-3.59
-4.91
-4.20
2.82
9.99
5.91
-3.49
-5.49
-1.39
-0.20
-2.61
-1.70
3.10
5.00
2.86
-0.69
-4.71
-4.61
0.81
3.40
0.24
-1.04
2.64
3.44
-1.58
-4.44
-3.03
-1.44
2.53
6.34
1.46
-5.17
-2.43
2.74
2.18
0.02
-1.02
-1.89
-0.52
1.34
-1.33
-3.49
1.85
6.84
2.48
-4.33
-4.94
-1.24
2.71
3.43
-0.14
-2.22
-0.64
1.18
2.18
-0.20
-4.45
-3.13
0.93
2.57
4.88
3.85
-2.80
-3.87
-0.39
-2.67
-3.76
2.60
6.63
3.46
-1.75
-4.76
-3.62
0.22
2.57
2.57
2.23
0.54
-3.50
-4.17
-0.07
1.40
0.87
2.69
2.82
0.33
-1.77
-3.91
-3.73
-0.10
2.68
3.21
2.65
1.21
-0.96
-3.07
-4.04
-3.02
1.05
5.91
6.02
0.70
-4.83
-6.65
-4.16
2.05
7.36
5.59
-0.50
-4.09
-4.20
-1.16
2.76
1.54
-2.24
-0.64
2.57
0.38
-2.04
0.28
1.87
-0.05
-0.82
0.56
0.59
-1.53
-3.32
-1.51
3.34
4.85
1.12
-1.21
-0.50
-2.79
-5.64
-0.59
5.81
3.50
0.01
0.06
-2.36
-3.51
0.09
1.46
0.61
2.17
2.45
-0.85
-3.26
-2.68
-0.62
1.33
2.33
2.42
-0.02
-3.18
-1.30
1.76
0.70
0.51
0.90
-1.98
-2.46
0.74
1.39
0.18
0.27
0.42
0.00
0.04
1.01
1.46
-1.49
-5.49
-3.78
2.66
6.62
5.71
0.66
-5.22
-5.67
-1.65
0.23
1.12
4.05
3.44
-1.24
-2.21
-0.97
-1.69
0.30
3.53
0.56
-4.38
-2.82
1.68
2.37
3.12
4.33
-2.42
-8.25
-1.32
4.24
1.07
1.12
2.17
-2.58
-3.58
1.95
2.49
-1.67
-1.61
0.12
0.29
1.40
1.63
0.58
-0.49
-4.11
-5.32
2.69
9.71
5.41
-2.81
-7.51
-8.09
-2.68
5.24
7.88
4.46
-0.84
-4.25
-3.63
-0.94
0.93
1.55
0.90
0.13
0.57
0.56
-1.04
-2.99
-2.99
0.97
5.13
4.29
0.53
-2.74
-4.73
-3.49
1.24
4.53
3.06
0.49
-2.39
-6.46
-3.07
6.62
6.79
-0.86
-2.83
-0.73
-1.50
-3.27
-1.62
2.38
3.82
2.13
0.73
-0.80
-3.56
-2.84
1.70
1.85
-0.79
0.66
0.98
-1.77
-1.07
0.09
0.23
5.18
6.42
-4.36
-11.47
-4.59
2.61
3.69
6.61
7.44
-0.75
-7.25
-4.86
-1.74
-0.35
2.01
2.62
1.74
1.82
0.51
-2.76
-4.44
-2.54
2.08
6.40
4.92
-2.94
-6.50
-1.22
2.18
0.69
0.62
0.39
-1.32
-0.69
1.17
2.06
1.06
-3.26
-4.76
1.66
6.19
1.18
-4.14
-1.44
2.47
-0.05
-3.45
-0.09
5.59
4.11
-4.10
-8.15
-2.55
4.17
4.61
2.15
0.66
0.42
-0.39
-4.76
-7.49
0.34
9.69
6.10
-2.09
-3.84
-4.34
-4.02
0.86
4.74
4.49
2.12
-1.55
-2.61
-0.98
-2.48
-3.29
1.48
4.50
2.23
-0.13
-1.94
-3.30
0.19
4.48
0.55
-4.87
-1.64
3.27
2.41
0.28
-1.10
-3.31
-1.76
4.16
5.32
0.00
-4.07
-4.22
-2.94
-0.93
3.75
7.59
2.36
-5.56
-2.68
3.23
-1.32
-5.93
0.95
6.20
1.01
-3.11
-2.05
-0.55
1.72
2.95
2.39
2.11
-1.82
-8.41
-6.79
3.63
8.97
3.69
-2.42
-3.01
-0.83
0.93
0.65
-1.08
-1.89
-1.20
-0.06
0.82
2.43
5.62
4.87
-3.91
-10.76
-6.15
3.20
6.76
3.88
0.69
-1.77
-5.77
-3.47
6.33
7.50
-1.00
-4.62
-2.87
-1.95
-0.89
1.05
3.12
4.48
0.07
-6.14
-1.71
5.12
1.00
-4.38
-2.27
2.81
5.91
2.00
-5.67
-6.44
-1.49
1.37
3.42
7.02
6.06
-2.24
-9.22
-8.17
-1.67
4.60
5.64
3.36
3.73
2.72
-4.44
-9.47
-5.80
2.05
7.65
6.61
-0.81
-5.60
-1.56
2.06
-1.68
-2.90
2.15
4.12
1.58
-0.51
-2.45
-4.10
-1.77
2.61
2.87
1.01
2.13
2.46
-2.28
-6.88
-4.67
1.72
4.72
4.19
3.74
-0.41
-7.16
-4.13
5.49
3.95
-4.76
-4.84
0.98
3.98
2.49
-0.89
0.43
4.48
0.07
-9.45
-7.56
4.27
7.83
2.25
0.21
0.14
-3.80
-4.71
2.46
5.69
-2.07
-5.09
2.18
4.59
0.07
-2.28
-2.11
-1.05
0.29
-0.25
-0.14
2.80
3.54
0.00
-2.40
-1.37
-1.24
-2.82
-1.25
3.01
4.86
3.73
0.26
-5.97
-8.84
-1.43
8.23
7.23
-0.82
-4.35
-1.85
0.08
-1.18
-0.50
3.44
3.53
-1.90
-4.84
-1.33
2.77
2.88
0.56
-1.95
-2.27
0.24
1.89
1.01
-0.64
-1.56
0.20
2.07
-1.16
-3.63
0.56
3.65
2.35
0.70
-2.30
-4.68
-1.90
2.11
2.90
2.21
1.31
0.22
-1.66
-4.50
-3.38
2.82
4.96
1.05
-0.74
-1.02
-3.49
-3.49
0.29
5.11
8.07
2.19
-7.61
-6.16
0.44
-1.83
-3.52
4.71
9.61
3.35
-3.11
-5.02
-5.40
-1.77
3.92
4.05
0.30
-0.20
0.65
-2.41
-4.20
1.27
5.30
1.05
-1.71
-0.30
-3.08
-4.01
3.43
5.99
-1.23
-3.72
0.71
0.96
-2.59
-1.57
3.78
5.24
0.46
-3.89
-4.53
-2.92
0.88
4.11
3.27
0.88
-0.57
-3.06
-4.31
0.70
5.13
0.99
-2.68
0.84
1.66
-3.72
-4.06
4.01
7.67
-0.51
-7.95
-3.62
2.95
3.10
2.27
1.99
-0.86
-4.07
-4.82
-1.10
4.43
4.40
1.02
1.00
1.15
-2.99
-7.45
-5.40
3.29
9.02
4.62
-2.39
-2.41
0.82
0.04
-4.12
-6.04
-0.89
6.84
7.13
0.64
-4.38
-3.53
0.26
-0.42
-2.58
1.99
6.23
2.19
-3.05
-4.39
-2.76
2.18
4.37
-0.90
-4.27
-0.15
3.21
1.72
-0.56
-1.73
-1.70
-0.46
1.93
3.98
1.92
-2.71
-4.43
-2.91
-0.15
3.22
5.22
2.09
-4.36
-4.04
2.13
0.50
-3.58
2.43
5.25
-2.27
-4.05
-0.20
-0.14
2.21
5.79
0.80
-5.72
-3.99
-0.55
0.69
3.27
2.84
-1.67
-1.51
2.36
1.07
-3.70
-4.37
0.17
6.02
5.69
-2.65
-6.22
-1.06
0.73
-0.27
3.54
4.34
-2.15
-3.75
1.19
0.49
-4.35
-3.16
1.43
3.52
6.36
6.54
-3.47
-10.81
-4.06
2.86
2.39
2.92
2.39
-3.30
-4.52
2.44
6.32
1.24
-4.97
-5.32
-1.39
2.50
4.41
4.25
1.40
-2.71
-4.54
-3.08
-0.33
0.66
0.78
3.03
3.28
-0.98
-2.32
-0.06
-0.24
-1.03
-0.27
-0.18
0.16
2.31
3.01
-0.85
-4.20
-1.55
1.66
0.01
-2.34
-0.34
4.50
5.24
-0.54
-4.52
-2.49
-1.16
-2.17
-0.11
3.52
3.75
3.04
0.55
-5.93
-6.00
0.39
2.14
4.13
6.46
-0.57
-6.59
-2.54
-0.82
-2.75
2.37
7.54
2.82
-4.11
-4.47
-0.59
1.04
-0.09
0.52
1.50
0.54
1.19
1.15
-3.57
-4.95
1.35
4.96
1.55
-1.14
-0.88
-0.84
-0.37
0.08
-0.61
0.07
0.85
-0.06
1.01
2.10
-1.09
-3.86
-2.62
0.41
4.18
5.60
0.52
-5.63
-4.48
0.70
3.32
1.85
-2.58
-2.74
2.57
3.51
1.18
0.17
-4.30
-6.02
2.03
6.17
0.13
-2.76
1.01
3.18
1.17
-3.84
-7.56
-1.13
9.33
6.04
-4.26
-5.14
-0.90
2.73
3.72
-1.88
-6.24
-1.40
4.29
3.62
1.98
1.83
-1.48
-6.34
-5.46
1.03
5.59
4.46
0.48
-1.49
-0.46
-1.59
-4.60
-1.27
5.48
4.08
-2.35
-3.25
-0.23
1.27
1.36
0.23
-0.52
0.44
-1.00
-2.93
0.51
3.16
0.22
-1.66
-0.53
0.50
1.16
0.45
-0.84
0.52
1.03
-2.48
-2.18
3.64
3.64
-3.81
-6.44
1.03
7.13
2.04
-3.87
-0.34
1.81
-3.17
-2.40
3.59
1.49
-2.59
0.74
2.56
-0.26
-1.07
-1.94
-3.15
0.79
4.69
1.85
-1.47
-0.53
0.19
-0.57
-1.10
-2.12
-1.43
2.63
4.00
-0.32
-1.90
1.52
-0.71
-4.84
1.05
5.25
-1.16
-4.63
-0.89
2.88
3.56
0.29
-1.64
1.10
1.44
-2.13
-4.37
-4.21
0.22
6.46
5.15
-0.53
-1.83
-2.90
-3.38
2.88
5.76
-1.87
-5.37
0.37
1.89
-1.56
-0.47
2.33
1.37
0.19
0.11
-1.34
-1.87
-0.24
0.15
0.31
2.91
3.12
-2.45
-5.92
-1.46
3.41
2.24
0.80
2.44
0.61
-4.68
-4.77
0.95
4.64
1.93
-2.30
-1.18
1.59
0.47
-0.41
-0.17
-1.89
-1.24
1.94
1.98
0.10
-1.27
-1.07
1.41
0.85
-3.63
-3.08
3.21
6.03
2.74
-3.41
-6.50
-0.57
5.68
1.21
-4.76
-3.16
0.88
4.27
4.26
-1.13
-3.58
-0.07
0.89
-1.52
-0.99
0.93
0.73
1.19
1.43
-2.21
-3.52
1.43
3.61
0.18
-1.67
-0.46
0.28
-0.26
-0.33
0.74
0.49
-1.73
-1.33
1.82
1.82
-0.23
-0.06
-0.20
-1.19
0.51
1.88
-1.15
-3.86
-1.57
1.94
2.55
2.18
1.98
1.01
-0.38
-4.28
-8.29
-2.56
8.47
8.52
-0.40
-4.02
-2.35
-2.30
-1.42
1.77
2.64
1.23
0.46
0.11
-0.81
-1.67
-0.90
-0.56
-1.98
0.62
5.23
1.87
-3.04
-0.48
0.12
-3.11
0.32
4.62
-0.13
-4.14
-1.29
-0.71
-0.07
6.31
6.39
-2.74
-6.19
-3.05
-2.07
-0.42
3.37
4.19
2.12
-0.53
-1.68
-0.79
-2.24
-4.04
0.89
5.92
2.33
-2.20
-0.80
0.59
-2.32
-4.24
0.05
5.32
3.37
-1.98
-1.52
2.18
0.87
-2.96
-2.45
-0.43
-1.48
-0.24
5.99
6.25
-3.15
-7.88
-2.33
2.73
3.37
3.01
-0.33
-4.96
-3.18
2.67
3.78
0.67
-0.15
0.15
-3.52
-3.71
4.17
4.71
-2.90
-1.71
1.90
-1.79
-1.91
1.40
1.15
1.16
-1.88
-4.11
4.66
6.42
-5.82
-6.02
4.85
4.64
-2.07
-3.19
-0.06
2.59
-0.98
-5.99
0.42
9.26
4.22
-4.65
-4.11
-1.70
-1.89
1.40
4.15
0.37
-3.72
-2.20
2.56
5.02
3.03
-1.02
-5.36
-6.21
-1.25
3.34
5.30
5.91
-0.07
-8.23
-5.40
3.55
4.80
-0.19
-2.88
-0.13
3.35
-0.16
-4.88
0.04
6.22
2.14
-4.17
-3.86
-1.74
0.43
4.88
4.36
-1.96
-2.43
-0.55
-5.14
-3.87
6.71
8.13
-0.66
-4.48
-1.75
-0.62
-2.04
1.30
6.37
1.16
-6.48
-2.61
3.37
0.94
-2.44
-0.66
2.40
3.23
0.60
-4.13
-3.83
2.28
3.42
-1.40
-1.63
2.16
1.94
-1.32
-2.87
-1.57
1.88
3.37
-0.46
-2.56
1.95
2.18
-4.83
-4.04
4.93
5.47
-1.37
-3.99
-4.35
-2.09
6.44
8.90
-1.58
-8.70
-2.54
4.37
2.22
-2.30
-2.58
0.52
4.80
3.48
-5.27
-6.84
2.25
4.47
-1.72
-0.75
5.94
4.71
-3.15
-6.79
-5.37
-2.44
2.91
6.93
4.44
0.20
-1.35
-3.38
-4.06
0.30
2.98
-0.11
-1.24
2.24
3.12
-0.45
-3.83
-4.83
-2.53
3.38
8.70
5.95
-4.51
-9.11
-2.40
2.89
0.83
-0.22
2.84
3.90
0.14
-3.53
-3.38
-1.15
1.52
2.86
0.58
-2.09
-0.57
2.30
1.27
-2.90
-4.19
0.40
4.90
3.11
-1.99
-2.59
2.92
3.49
-5.47
-7.31
2.63
5.10
-1.32
-1.00
3.13
2.05
-0.61
-1.37
-1.69
-2.01
-1.24
0.71
1.91
2.08
2.01
0.27
-2.63
-2.73
0.43
2.13
-0.02
-2.51
-1.64
1.56
2.63
0.07
-0.21
2.35
-0.74
-4.32
0.78
3.84
-0.79
-3.37
-1.81
1.00
2.76
1.15
0.14
0.99
-2.00
-5.13
0.25
6.54
1.73
-4.64
0.53
4.65
-3.43
-7.37
0.85
5.87
2.50
0.16
0.01
-3.44
-5.04
1.06
4.83
1.31
0.28
2.35
-0.35
-5.33
-4.73
1.06
4.42
1.50
-1.53
0.83
2.35
-1.15
-1.38
2.62
0.72
-4.76
-5.10
-1.00
4.30
6.48
3.82
-0.54
-5.61
-7.46
-1.63
5.52
5.95
2.24
-0.65
-3.94
-5.73
-1.29
3.90
3.20
0.23
-0.16
0.97
-0.20
-2.37
-1.34
0.38
-0.06
-0.17
1.06
1.86
0.73
-1.66
-1.88
0.18
0.42
-0.22
1.24
1.82
-0.11
-1.30
-0.36
0.71
-1.13
-3.56
-0.73
3.75
3.27
0.74
-0.21
-1.36
-3.53
-3.85
0.05
5.67
6.35
-0.59
-6.51
-3.16
2.15
0.86
-1.12
1.49
2.61
-0.17
-1.58
-1.37
-0.94
1.23
1.79
0.05
0.98
1.22
-3.39
-5.40
0.34
5.07
1.39
-1.76
2.67
3.20
-4.77
-5.40
2.79
3.01
-1.86
-0.55
0.10
-1.10
3.16
4.57
-2.33
-5.32
-0.49
2.21
-0.35
-1.25
2.68
4.34
-1.01
-5.16
-2.31
0.41
-0.03
1.86
4.67
2.66
-2.46
-5.16
-3.25
0.56
2.42
2.83
2.46
0.04
-1.76
-1.84
-3.07
-1.34
4.52
3.61
-3.18
-2.96
1.71
1.25
-0.50
2.04
2.93
-2.13
-5.81
-3.32
0.97
4.39
5.40
1.10
-3.77
-2.85
0.12
0.67
0.40
-0.52
-1.71
-0.04
2.11
1.53
1.04
-0.54
-3.83
-1.53
4.58
3.98
-1.95
-4.97
-4.28
0.14
6.72
5.75
-2.19
-5.63
-3.58
1.22
5.92
2.94
-3.55
-3.03
-0.10
-0.80
0.15
2.16
0.36
0.46
3.18
0.44
-4.21
-4.24
-2.13
1.20
4.71
4.08
0.78
-1.93
-3.85
-1.49
3.84
2.03
-4.95
-3.78
3.93
4.63
-1.63
-2.99
1.91
3.16
-2.75
-5.65
1.03
6.43
3.04
-2.05
-3.88
-3.13
-0.94
-0.34
-0.54
3.98
8.23
3.07
-3.92
-4.98
-6.77
-6.92
4.08
14.05
7.25
-5.71
-9.23
-4.32
1.20
2.54
1.65
2.03
1.29
-1.33
-0.50
2.62
0.10
-4.21
-0.71
2.28
-4.20
-4.75
7.39
10.43
-0.72
-5.93
-4.18
-4.90
-2.01
2.87
3.44
6.58
7.78
-2.35
-11.11
-7.91
0.01
5.26
5.80
3.27
0.14
-2.62
-3.56
-3.37
-2.40
2.17
7.07
4.54
-2.50
-5.28
-4.01
-0.37
5.85
5.16
-5.13
-7.11
3.01
6.53
0.87
-3.99
-4.29
2.50
6.38
-1.65
-6.15
-0.79
1.24
0.49
2.92
3.30
0.48
-1.48
-3.43
-4.89
-0.56
6.26
3.34
-5.32
-3.17
5.37
4.60
-1.71
-2.82
-2.19
-3.44
-0.37
5.02
3.39
-0.89
-0.23
-0.40
-3.89
-2.53
3.60
4.15
-1.69
-2.76
2.44
2.79
-2.85
-4.39
-0.55
1.30
1.02
2.58
3.22
0.05
-4.01
-3.65
1.81
3.72
-1.14
-3.34
-0.12
2.14
2.04
1.34
-0.44
-3.08
-3.19
0.25
2.80
2.01
0.27
-0.56
-0.97
-1.41
-0.08
3.36
2.64
-3.82
-5.60
0.35
4.29
2.60
-1.18
-3.40
0.14
4.23
0.48
-2.71
0.92
1.32
-2.52
-3.30
-1.44
2.31
6.29
3.93
-4.43
-8.33
-1.41
6.68
3.89
-2.30
-0.13
2.18
-3.84
-7.25
-0.12
7.14
6.07
1.31
-3.08
-6.85
-4.99
3.54
7.33
1.83
-2.39
-1.48
-1.69
-2.26
0.85
2.53
-0.37
-0.20
2.88
0.28
-3.22
-0.94
0.39
-1.70
-1.03
2.26
2.89
0.32
-0.27
1.74
0.01
-4.49
-4.36
1.02
5.35
3.33
-2.19
-3.57
-0.18
0.73
-1.62
0.78
5.44
2.32
-3.80
-4.02
-1.41
0.00
-0.09
0.52
4.40
4.55
-2.99
-5.62
1.67
4.46
-2.28
-5.09
0.04
3.35
1.96
-0.09
-1.14
-1.06
0.16
1.48
1.38
-1.13
-4.07
-2.58
3.04
5.32
1.14
-2.46
-1.69
-1.49
-1.29
1.67
2.59
-0.22
-2.59
-1.07
3.72
4.29
-1.97
-5.81
-2.91
0.68
2.16
3.57
3.82
0.09
-4.29
-3.00
0.97
0.43
-1.23
0.86
1.40
-1.48
-1.00
3.00
3.76
-0.37
-5.42
-5.14
2.59
6.84
-0.05
-4.17
1.74
2.33
-4.49
-3.33
4.20
4.60
-1.11
-3.07
-0.85
-0.30
-0.66
1.21
1.78
-0.35
-0.24
1.36
-0.59
-2.51
0.03
1.28
-0.74
-0.27
1.37
1.01
0.84
-0.50
-3.15
-2.10
1.59
2.91
0.38
-2.24
0.82
4.36
-0.04
-5.19
-3.68
-0.07
3.99
5.40
-1.15
-5.27
0.43
2.37
-3.43
-2.20
6.25
5.93
-3.37
-6.66
-1.53
1.53
0.05
0.45
2.98
2.27
-0.52
-0.49
-0.26
-2.99
-3.31
0.80
2.76
0.84
-0.11
1.56
2.70
-1.44
-6.95
-2.67
6.20
5.44
-0.65
-2.49
-2.27
-2.21
-0.20
2.02
0.58
-0.94
2.66
3.46
-3.95
-5.39
3.30
4.63
-2.36
-2.90
0.68
1.21
0.58
-1.08
-1.54
1.94
3.24
-1.06
-3.35
-0.36
1.01
-0.38
0.05
1.09
0.97
0.79
-0.33
-2.24
-1.47
1.55
1.51
-1.46
-1.75
0.92
2.24
0.67
-0.76
1.15
1.57
-3.92
-6.16
0.67
5.69
3.31
0.84
-0.53
-2.94
-2.90
-0.57
0.59
1.16
2.20
2.40
0.35
-2.64
-2.76
-0.42
0.37
0.52
0.72
-0.79
0.86
5.48
1.80
-7.08
-6.52
0.73
3.99
3.92
2.71
-0.83
-3.72
-2.67
0.49
2.11
0.88
-0.48
-0.44
-1.07
-1.17
1.00
2.66
2.03
-0.65
-2.75
-0.79
1.35
-0.57
-2.33
-1.35
1.21
4.50
3.26
-3.55
-5.71
0.45
4.85
0.56
-3.72
1.39
5.73
-1.15
-7.12
-1.49
3.50
-0.57
-1.38
4.44
4.51
-1.40
-4.82
-3.89
-0.29
2.24
2.24
2.07
0.52
-2.63
-2.32
1.39
2.61
0.30
-1.60
-1.45
-0.96
0.51
3.40
1.69
-4.56
-3.91
3.19
3.55
-2.01
-2.25
2.35
4.15
2.15
-2.48
-7.50
-5.36
3.30
6.67
2.71
-0.45
-1.48
-2.76
-1.42
2.90
3.16
-1.47
-3.18
-1.17
0.31
1.12
1.00
-0.03
0.20
1.15
0.40
-2.06
-3.85
-1.47
4.75
6.46
0.59
-4.28
-4.55
-2.59
1.84
4.20
0.00
-2.51
2.71
5.96
-0.85
-9.74
-7.37
4.28
8.73
2.53
-1.76
-1.05
-1.27
-2.03
-0.65
1.03
0.83
0.05
0.05
0.14
0.88
1.30
-1.16
-2.30
0.56
0.53
-2.12
0.47
3.83
-0.24
-4.41
0.70
6.74
2.49
-6.13
-7.82
-1.87
4.76
6.17
2.18
-1.77
-1.35
0.27
-0.59
-2.05
-2.05
-0.72
1.05
2.48
3.27
2.29
-2.89
-7.88
-2.08
8.05
5.63
-2.85
-2.94
-0.96
-2.96
-1.07
4.78
4.50
-1.72
-4.10
-2.04
-0.73
1.81
4.24
1.62
-0.43
0.17
-3.04
-5.06
-0.93
1.07
1.58
6.10
4.67
-3.71
-4.22
-0.38
-2.95
-3.36
3.01
5.39
2.40
0.74
-1.14
-4.18
-4.25
-1.45
2.06
5.64
5.49
-1.16
-6.82
-4.08
2.00
3.89
0.88
-1.92
-0.03
2.09
-0.38
-3.05
-2.38
1.56
6.61
3.84
-5.99
-7.51
-1.23
1.14
3.44
7.46
3.08
-5.46
-5.41
-1.36
-1.28
0.09
5.32
6.85
1.36
-5.16
-6.62
-3.81
-0.24
3.99
7.08
4.56
-2.46
-7.47
-4.47
2.90
3.44
-1.03
0.42
3.75
0.05
-3.89
-1.53
0.36
-0.79
0.43
2.98
1.91
-0.72
-0.73
-0.25
-1.61
-2.99
-2.59
2.07
7.25
3.40
-3.92
-3.19
-0.88
-3.18
-1.58
4.86
5.24
-0.62
-2.34
0.38
-0.19
-2.62
-2.14
0.04
3.17
3.93
0.08
-2.02
-2.13
-3.82
-1.44
4.66
4.67
-0.64
-2.14
-1.09
-2.21
-0.22
4.88
2.59
-4.72
-4.69
0.06
0.99
1.90
5.22
3.71
-2.32
-4.36
-3.66
-3.69
0.30
5.28
4.62
1.75
-1.39
-3.93
-1.91
0.31
-1.08
-0.01
3.16
2.16
-0.41
-0.88
-1.35
-1.62
-0.26
1.11
1.28
0.55
-0.45
-0.58
0.07
0.54
0.53
-1.07
-3.04
-0.87
3.07
2.58
0.82
1.36
-0.74
-5.08
-4.19
1.17
4.37
3.89
0.46
-2.75
-0.55
1.89
-2.73
-5.47
0.69
5.52
3.35
0.11
-2.06
-3.52
-1.66
1.12
0.77
1.62
4.82
1.84
-7.22
-8.33
1.92
7.59
3.09
-0.12
-0.50
-3.24
-3.66
0.92
3.43
0.71
-1.59
-0.26
0.90
-0.46
-1.01
0.41
0.74
0.27
-0.06
-1.21
-0.49
2.10
1.50
-1.07
-1.36
-0.51
-0.94
-1.32
1.79
5.25
1.74
-5.69
-7.05
-0.00
7.26
5.22
-2.31
-3.61
-0.04
0.43
-0.86
-1.21
-0.66
1.62
2.78
1.87
0.96
-2.41
-5.48
-2.86
1.05
3.02
3.96
3.41
2.93
-0.81
-10.05
-10.43
4.24
13.29
4.64
-7.07
-8.08
1.38
9.14
1.73
-8.17
-3.05
1.82
-0.26
6.99
11.35
-2.69
-13.79
-10.08
-3.69
3.65
10.47
7.45
0.51
-0.62
-2.04
-5.23
-0.55
6.76
1.47
-11.48
-9.54
8.56
12.83
-0.67
-1.95
3.73
-5.63
-11.19
0.37
7.78
4.67
0.28
-5.03
-4.71
4.16
6.16
-1.52
-4.85
-2.37
0.98
4.82
3.46
-3.59
-5.50
0.02
4.27
2.89
-0.68
-1.46
-0.65
-1.79
-1.22
0.97
-0.34
-0.91
1.09
1.11
1.75
3.25
0.87
-2.56
-3.94
-4.50
-1.02
4.98
3.90
-0.65
1.64
3.62
-2.01
-5.87
-3.91
-2.76
-1.97
3.00
10.21
11.31
0.37
-12.53
-12.33
-2.08
5.29
5.75
3.39
1.57
0.97
0.50
-3.48
-8.46
-3.87
7.81
9.39
-0.38
-4.78
-3.01
-6.04
-4.89
9.54
17.37
2.22
-16.34
-15.19
-2.41
8.29
15.11
10.72
-4.72
-12.85
-7.17
-0.92
-0.12
2.89
8.91
7.88
-1.77
-7.89
-4.59
-1.04
-1.78
0.63
4.79
2.04
-0.79
2.61
1.84
-3.79
-3.65
-1.08
-2.19
1.23
10.55
7.76
-9.43
-14.23
-1.03
5.40
1.68
3.10
7.27
4.07
-4.28
-7.54
-4.14
-1.88
0.24
4.81
4.48
1.11
1.56
-0.18
-5.14
-4.96
-0.60
2.24
2.81
3.25
3.15
-0.53
-5.34
-6.39
-2.40
6.07
12.16
4.24
-12.85
-14.70
2.38
11.22
4.51
0.41
0.23
-3.04
-3.62
-1.37
-0.29
3.78
5.79
-2.02
-7.68
-2.15
3.55
2.37
0.61
2.43
1.64
-5.86
-7.03
6.36
12.02
-3.48
-12.90
-3.69
1.81
3.21
12.02
11.23
-6.49
-18.21
-11.39
3.97
13.27
9.27
-0.63
-4.95
-3.71
-1.68
0.52
1.48
-1.65
-4.03
2.44
10.06
3.95
-8.17
-8.70
-1.28
3.55
4.35
1.25
-0.92
0.49
-0.88
-2.70
2.68
7.42
-0.61
-12.25
-8.21
5.59
8.18
2.61
3.17
3.45
-4.71
-9.39
-2.75
2.79
0.30
0.26
5.85
6.52
-0.13
-6.60
-7.79
-3.24
2.20
4.26
6.02
7.50
1.30
-9.18
-9.77
-2.45
0.08
2.36
9.11
8.48
-1.01
-9.11
-9.00
3.10
11.95
-0.11
-12.69
-3.31
8.35
2.43
-3.78
5.74
11.36
-4.08
-17.76
-8.80
5.90
9.18
6.03
1.62
-2.20
-1.65
-1.08
-5.03
-5.69
1.63
8.60
7.23
-0.85
-7.56
-6.07
1.04
3.32
0.51
2.27
4.28
-0.93
-4.96
-3.50
-1.37
1.57
3.89
2.70
1.16
-0.24
-3.61
-4.16
0.73
3.58
0.30
-2.14
1.15
3.11
-1.80
-4.64
1.12
4.91
0.36
-1.92
0.62
-1.28
-3.47
0.67
2.76
0.22
-0.20
0.52
0.08
-0.21
-1.33
-1.50
1.33
2.18
-0.32
-1.18
0.12
1.66
1.62
-2.54
-5.59
0.32
7.55
4.21
-3.69
-5.79
-3.97
-1.01
3.96
6.79
2.76
-2.49
-1.10
0.13
-5.20
-5.64
2.32
6.45
5.13
2.48
-4.09
-8.59
-2.06
4.57
0.52
-1.66
3.87
3.74
-1.93
-2.14
0.33
-0.03
-1.37
-1.85
-0.29
2.33
2.40
0.06
-1.47
-1.75
-1.16
1.20
2.44
-0.07
-1.25
1.38
1.20
-3.63
-4.17
2.85
6.47
0.21
-5.69
-2.52
3.70
4.10
-1.29
-4.93
-2.75
1.10
3.61
3.99
1.71
-0.64
-3.55
-6.60
-2.71
4.18
3.83
3.16
6.84
1.35
-11.28
-10.42
1.37
5.17
3.21
4.35
2.20
-3.09
-0.91
3.38
-2.47
-9.54
-3.64
6.56
6.47
1.04
-0.22
0.19
-0.96
-2.97
-4.43
-1.73
3.31
4.92
3.48
0.21
-3.82
-3.88
-0.46
1.86
2.42
1.24
-1.29
-3.24
-3.68
-0.91
4.95
8.15
3.28
-5.86
-8.83
-3.26
2.77
4.84
4.22
0.56
-3.83
-2.44
3.50
3.14
-6.46
-8.36
6.41
12.37
-3.91
-11.77
1.71
9.19
2.67
-2.98
-5.41
-4.51
1.35
5.28
3.57
0.18
-2.20
-2.97
-1.52
0.84
2.09
0.79
-2.02
-0.80
2.96
0.90
-2.79
-1.26
-0.37
-0.30
4.87
5.56
-5.08
-9.36
1.55
8.40
0.97
-6.10
-2.87
2.17
2.49
2.15
1.58
-1.38
-3.18
-1.26
0.99
0.65
0.76
1.13
-2.36
-3.73
1.27
5.22
4.93
0.78
-6.23
-8.02
-1.54
4.56
4.47
1.38
0.34
1.51
0.40
-3.68
-4.51
-0.26
1.85
0.00
0.85
3.51
2.03
-0.82
-1.42
-2.54
-3.41
-0.29
3.24
2.75
1.39
-1.08
-5.06
-0.67
7.21
1.27
-6.97
-1.32
2.99
-1.07
0.05
3.69
1.70
-1.01
-2.97
-3.82
0.47
3.87
0.71
-1.82
0.58
2.33
0.23
-1.42
-0.74
-1.50
-1.36
1.99
1.34
-1.79
-0.50
0.34
1.24
4.00
-0.74
-5.60
1.66
5.60
-3.98
-9.41
-0.27
10.37
8.73
-1.77
-8.56
-7.56
-1.13
7.75
7.55
-4.10
-6.55
2.40
2.55
-0.69
4.49
2.64
-9.05
-8.73
2.71
7.15
5.45
3.00
-2.11
-6.30
-5.81
-0.40
7.33
6.66
-3.95
-8.10
-0.96
4.06
3.28
3.29
2.16
-3.71
-8.07
-4.82
2.09
6.08
6.02
3.27
-1.11
-4.53
-5.47
-3.52
2.11
6.26
2.95
-2.44
-3.68
-3.16
0.66
7.69
5.35
-5.69
-8.10
-2.27
1.25
4.27
6.84
2.69
-5.02
-5.14
1.48
0.50
-5.74
-1.36
6.79
6.05
3.06
-0.31
-8.55
-11.18
-0.25
10.18
8.07
1.21
-2.55
-4.53
-4.18
-1.18
0.41
0.89
3.97
4.96
-0.91
-5.23
-1.73
2.00
0.27
-2.44
-0.73
4.00
4.19
-1.26
-3.22
-0.73
-1.18
-2.52
-0.10
2.57
2.91
1.22
-2.19
-1.93
3.24
3.02
-3.77
-4.85
1.19
3.32
-0.72
-2.18
1.05
1.38
-0.22
3.30
4.61
-3.26
-8.94
-5.12
0.93
3.89
5.18
6.78
5.74
-2.65
-12.44
-10.74
0.76
7.98
7.13
3.05
-0.36
-1.29
-3.81
-5.96
-0.13
4.79
-0.02
-1.40
6.27
6.29
-5.27
-10.84
-4.59
1.69
4.16
7.88
7.25
-3.66
-10.04
-1.37
5.18
-0.25
-4.26
-1.10
3.05
4.78
2.94
-1.63
-4.57
-3.22
-0.85
0.15
2.83
5.57
1.75
-5.83
-6.09
1.28
3.83
1.17
2.94
2.98
-3.08
-4.72
-3.30
-3.26
2.98
9.44
2.79
-6.33
-2.37
4.42
-0.27
-6.48
-2.75
2.28
3.77
6.40
3.88
-6.53
-11.17
-2.84
8.75
9.85
-0.22
-7.67
-5.83
-0.21
4.77
5.39
0.76
-2.72
-2.43
-2.08
-0.82
2.10
2.60
1.44
-0.35
-4.30
-4.07
2.03
4.24
1.71
-0.29
-2.12
-0.52
3.69
0.23
-6.17
-1.77
6.44
4.62
-2.92
-5.78
-3.89
-0.61
4.03
6.19
2.33
-2.08
-3.12
-1.74
1.12
0.99
-2.77
-3.12
1.51
5.27
4.76
0.58
-4.60
-6.89
-4.70
0.42
6.34
9.31
5.06
-3.91
-9.59
-8.16
-1.46
6.60
9.52
3.35
-4.52
-4.46
0.37
2.65
0.50
-5.24
-6.75
1.07
6.95
5.23
4.33
2.01
-7.23
-12.51
-4.47
8.54
11.49
1.59
-6.55
-3.16
2.13
1.20
-1.72
-2.65
-0.16
4.02
3.40
-2.70
-6.22
-1.88
5.80
7.13
-0.32
-8.15
-8.18
1.53
12.26
9.58
-2.24
-7.90
-7.97
-5.47
2.13
6.22
2.30
1.83
3.53
-2.01
-6.10
-0.53
6.57
4.28
-7.88
-12.88
1.78
15.10
6.30
-6.79
-5.34
0.34
-0.12
-1.81
1.50
5.36
1.04
-3.64
0.49
1.05
-6.24
-6.03
4.25
10.27
5.07
-3.41
-6.96
-5.44
-0.60
4.04
4.21
1.20
-1.10
-0.60
1.28
-0.55
-4.78
-3.18
3.26
5.83
3.50
-0.41
-4.61
-5.44
-2.39
-0.54
1.77
6.75
6.08
-1.53
-3.96
0.35
0.18
-5.10
-5.44
0.32
3.98
3.64
4.03
3.47
-1.21
-4.41
-3.21
-2.68
-3.27
-0.72
5.00
8.95
4.73
-5.65
-9.57
-2.27
5.35
3.52
-2.57
-1.73
3.51
2.88
-2.11
-4.27
-1.28
3.24
2.00
-2.67
-1.88
2.40
3.06
0.67
-1.12
-3.08
-4.74
-0.92
5.80
5.03
-1.87
-1.92
4.04
1.25
-8.07
-7.73
1.10
6.66
8.00
5.31
-3.96
-10.56
-5.48
2.82
5.64
4.94
0.93
-4.41
-4.10
-0.84
-0.14
3.10
7.57
2.86
-7.28
-8.78
-1.03
3.88
3.06
3.04
3.02
0.05
-3.53
-4.83
-2.03
1.65
1.88
1.57
1.83
-0.35
-1.36
1.29
0.94
-3.04
-2.36
2.03
2.52
-0.59
-3.74
-3.08
3.28
6.34
1.21
-2.84
-1.89
-0.14
0.96
0.18
-2.83
-3.83
-0.71
2.75
3.64
3.70
3.04
-2.11
-7.07
-2.95
3.49
2.99
0.35
-1.26
-2.87
-0.57
3.90
2.84
-2.35
-3.85
-1.19
0.64
2.24
4.40
2.02
-3.56
-4.68
-2.09
-0.15
2.76
5.14
2.36
-2.23
-3.52
-2.46
-1.16
0.93
4.10
3.85
-1.75
-4.51
-0.80
1.23
-1.21
-1.61
1.12
2.54
2.50
1.82
-0.78
-2.63
-1.18
-0.74
-2.92
-1.32
4.53
5.66
-0.36
-5.57
-3.50
2.52
3.31
-1.56
-1.54
3.85
1.67
-4.87
0.28
7.10
-2.01
-11.00
-3.90
4.66
5.75
5.51
1.25
-4.63
-1.83
1.55
-2.94
-4.42
1.52
6.40
4.37
-2.46
-5.28
-1.92
0.51
-0.23
-0.83
1.57
5.02
3.51
-1.76
-4.18
-2.43
-0.23
-1.68
-2.72
3.59
7.95
0.69
-5.42
-0.90
3.23
-0.13
-4.33
-3.03
1.19
2.72
2.27
1.38
-0.96
-1.78
-0.41
-0.52
-0.28
1.54
0.63
-1.04
0.16
0.09
-0.89
0.92
-0.07
-2.77
2.57
5.20
-4.78
-6.47
5.17
6.31
-2.64
-4.44
-1.54
-0.65
1.94
5.98
3.78
-4.73
-7.74
-1.77
2.56
3.42
5.29
2.61
-5.31
-7.71
-1.20
5.17
4.65
1.32
-0.76
-2.45
-2.75
-2.31
-1.71
2.48
5.86
1.57
-2.22
1.11
1.92
-3.73
-7.19
-4.31
2.33
8.95
10.05
1.82
-9.28
-10.47
-2.06
2.63
1.41
3.05
6.31
3.46
-3.33
-4.65
-0.46
-0.14
-2.63
-0.71
2.09
2.26
2.06
0.59
-0.42
0.02
-4.51
-7.52
2.07
10.31
5.07
-2.92
-5.97
-4.11
1.49
4.18
0.89
-1.55
1.44
2.38
-4.38
-6.63
2.80
7.87
1.33
-3.84
-3.57
-1.40
2.82
2.83
-1.46
0.47
2.39
-3.34
-2.85
4.94
3.47
-4.77
-6.72
-1.81
3.79
5.15
2.53
0.10
-0.05
0.78
-1.91
-5.08
-0.79
1.67
-3.00
0.34
7.22
2.11
-3.49
-0.49
0.35
-3.04
-3.20
1.69
5.88
1.95
-4.48
-2.00
2.26
-1.40
-3.08
2.98
5.11
-0.11
-2.42
-0.52
-1.03
-1.98
0.00
1.16
-0.55
-1.92
0.17
3.43
3.82
2.30
-1.42
-6.54
-5.07
1.81
4.18
2.86
1.19
-2.47
-3.85
0.38
4.15
2.68
-1.87
-4.31
-1.48
3.06
2.92
-1.57
-2.99
0.26
0.99
-1.08
0.68
3.72
1.56
-2.22
-2.11
-0.87
-1.55
-1.17
1.92
3.16
0.67
-0.31
0.56
-0.94
-2.23
-2.01
-0.99
3.28
3.81
-3.10
-3.63
4.22
5.16
-1.11
-3.31
-3.45
-5.01
-1.16
5.84
6.41
2.33
-0.93
-3.18
-3.52
-0.99
0.89
-1.23
-4.18
-1.05
8.21
12.12
2.48
-10.08
-11.85
-5.06
1.58
5.78
9.00
6.61
-3.77
-7.70
0.10
1.30
-5.69
-3.10
4.86
4.70
1.52
0.34
-1.78
-2.40
0.69
1.90
-1.75
-3.54
-0.17
2.28
1.77
1.24
1.12
0.52
-2.03
-4.60
-2.16
2.24
1.59
0.55
4.71
4.57
-3.92
-7.75
-2.04
3.05
1.63
-0.04
2.15
1.04
-3.63
-2.26
3.37
5.10
1.83
-4.74
-8.29
-2.28
5.58
5.27
1.04
-0.47
-0.63
-2.37
-3.69
-0.14
5.01
3.09
-2.65
-2.23
0.65
-0.91
-1.42
2.60
3.29
-3.40
-6.75
1.98
8.91
0.66
-6.93
0.52
6.83
-0.31
-6.89
-4.53
-1.00
3.38
9.05
4.95
-6.39
-6.39
2.08
0.29
-5.44
0.30
6.44
2.89
0.32
-0.19
-3.06
-3.01
-2.08
-1.04
4.63
5.66
-1.16
-3.15
0.11
-0.21
-2.96
-3.08
0.17
4.44
6.16
3.92
-1.58
-7.36
-7.81
-3.06
1.67
5.80
9.25
6.57
-2.75
-8.83
-7.64
-3.81
2.83
8.37
4.19
-0.97
3.20
2.15
-10.10
-12.56
-0.75
8.58
10.83
7.03
-4.39
-10.85
-2.85
2.66
-0.58
3.68
7.89
-2.25
-9.44
-2.89
2.55
2.56
3.69
3.44
0.35
-2.47
-5.16
-5.53
-0.96
3.63
3.69
1.93
2.80
5.02
2.47
-5.75
-12.54
-10.85
1.00
14.74
15.30
1.41
-9.50
-7.32
-1.02
0.24
-1.16
-0.47
2.22
3.68
2.12
-0.23
-1.98
-2.57
0.44
2.83
-1.06
-4.25
-0.98
2.44
2.65
1.95
0.25
-1.55
-0.91
0.44
-1.14
-3.68
-2.07
3.08
5.80
2.05
-3.79
-3.01
2.04
1.37
-3.21
-2.68
2.96
5.49
0.42
-5.35
-3.47
1.68
2.58
2.10
1.24
-3.57
-4.75
1.62
3.62
0.32
0.86
0.91
-2.19
-0.52
2.26
-1.75
-3.43
1.98
2.49
-1.26
0.40
0.49
-3.72
0.26
6.96
1.06
-6.99
-3.49
2.41
2.10
0.32
0.87
1.42
0.59
-0.45
-2.43
-4.31
-0.69
5.24
3.84
-0.96
-1.05
-0.84
-2.83
-2.08
0.90
2.10
1.89
1.06
-0.16
-0.29
-1.25
-2.81
-0.20
3.18
1.27
-1.52
-0.50
0.05
-1.32
0.05
2.71
1.62
-2.41
-3.82
-0.98
2.28
4.91
3.70
-3.75
-5.56
1.63
2.09
-3.92
-2.21
4.54
5.71
0.25
-5.29
-4.95
-1.42
1.47
5.80
7.76
0.27
-8.67
-5.96
2.20
1.64
-2.43
1.46
5.21
0.34
-2.36
1.97
2.32
-3.54
-5.38
-0.45
1.86
-0.59
1.80
7.27
4.34
-4.96
-8.34
-3.32
1.43
2.06
1.91
1.57
1.02
1.58
1.21
-1.57
-3.15
-1.84
-0.39
0.48
0.94
1.18
2.40
2.03
-1.12
-3.61
-3.98
-1.85
2.20
4.72
3.29
-0.61
-2.43
0.11
1.90
-1.83
-5.26
-2.17
2.59
4.85
5.35
0.42
-6.92
-5.07
1.67
1.31
-0.19
3.18
2.84
-1.86
-2.25
0.42
0.47
-0.78
0.07
0.96
-1.49
-1.99
3.33
4.08
-3.75
-6.28
0.79
4.76
1.14
-1.44
1.42
3.32
0.23
-3.11
-4.87
-4.46
1.47
6.82
4.22
-0.82
-2.97
-3.26
-1.39
1.89
3.90
1.73
-4.02
-3.91
3.33
3.52
-2.86
-1.16
3.71
-0.66
-6.54
-3.51
4.31
8.61
4.17
-5.25
-6.63
1.28
3.04
-3.71
-4.39
3.13
7.79
4.71
-2.91
-8.63
-6.09
2.86
6.99
1.92
-2.08
-0.03
-0.49
-2.99
1.35
6.62
1.08
-9.71
-9.53
3.11
12.14
8.99
0.67
-6.53
-9.99
-5.96
1.18
3.61
4.41
6.04
4.63
0.59
-4.58
-9.39
-8.70
-1.37
7.27
11.48
7.92
-0.12
-6.28
-9.47
-8.39
-0.83
7.54
8.46
2.77
-2.05
-3.06
-1.76
0.14
0.19
-1.16
-0.47
1.32
-0.14
-2.30
1.02
5.59
2.72
-4.43
-6.13
-1.65
2.76
4.28
3.54
1.14
-3.89
-8.59
-4.30
6.15
9.12
2.85
-3.56
-4.18
-1.99
-2.63
-0.87
6.63
6.83
-3.01
-5.73
1.16
0.83
-6.00
-2.13
7.64
6.67
-0.92
-5.28
-5.90
-2.39
3.66
6.37
2.78
-2.64
-3.60
-0.71
2.00
2.19
-2.02
-5.23
-0.20
4.90
1.93
-0.67
1.03
0.46
-2.28
-3.25
-1.62
2.81
4.32
-1.56
-4.20
1.31
3.22
0.25
-0.06
-1.21
-3.93
-0.08
6.27
3.87
-4.24
-7.73
-3.36
3.95
6.84
4.47
0.53
-3.94
-6.26
-2.63
2.06
1.99
0.84
0.66
0.35
2.40
3.12
-2.10
-5.39
-1.59
1.50
-0.38
-1.41
1.21
3.87
4.20
-0.12
-6.43
-4.36
3.08
2.29
-1.94
2.31
6.75
-0.73
-10.06
-6.68
2.73
6.96
6.78
1.96
-5.53
-5.96
-0.36
2.47
2.27
0.34
-2.09
-0.90
1.39
-0.02
-1.81
0.99
4.55
0.14
-5.98
-1.34
4.12
0.31
-1.60
1.68
1.17
-1.90
-1.56
0.29
0.16
0.61
2.71
0.29
-5.06
-2.66
4.12
3.92
-0.16
-1.20
-0.83
-1.42
-2.84
-1.51
3.45
3.86
-0.17
-0.07
0.90
-1.82
-3.01
-1.26
0.67
2.81
2.34
-2.40
-3.94
1.14
4.23
1.54
-1.08
-1.88
-1.81
0.09
0.63
-1.49
-0.96
2.55
3.78
0.81
-3.25
-2.55
2.33
1.65
-4.37
-2.91
4.55
4.62
-1.17
-3.37
-1.58
0.62
0.62
-1.28
0.45
4.61
2.46
-2.88
-3.81
-2.78
0.02
4.14
2.62
-1.92
-1.03
1.81
-0.01
-2.68
-1.60
0.50
1.83
1.75
-0.80
-0.71
3.16
1.34
-5.28
-4.12
3.09
3.48
-2.04
-2.69
1.43
2.69
0.43
-0.73
0.86
2.58
1.15
-3.53
-6.67
-3.47
1.65
2.38
3.96
7.76
3.31
-6.00
-6.05
-0.98
-1.58
-1.94
3.67
5.42
0.34
-0.57
0.69
-4.70
-5.26
3.80
2.81
-5.30
1.87
11.81
3.47
-7.77
-6.84
-3.79
-3.03
2.53
8.83
4.64
-4.31
-3.92
1.23
0.83
-0.34
2.28
1.64
-5.25
-7.57
1.65
9.58
5.01
-2.68
-4.29
-3.63
-3.23
0.94
7.45
5.42
-3.51
-4.24
-0.35
-2.81
-2.09
5.86
6.27
-3.32
-8.37
-2.56
5.61
6.51
1.27
-2.31
-2.77
-2.95
-1.84
1.10
3.24
3.11
0.91
-2.93
-4.78
-1.20
2.47
1.41
0.90
3.44
2.01
-4.30
-5.51
-0.07
2.98
2.32
1.17
-1.79
-2.72
2.24
4.06
-0.70
-2.62
-3.11
-5.54
0.45
11.39
8.17
-5.52
-8.96
-1.90
0.91
-0.97
1.00
4.54
3.19
-0.64
-2.08
-2.08
-1.86
0.43
2.90
0.90
-2.87
-0.99
3.16
-0.02
-4.40
0.86
5.86
-0.03
-4.67
-0.01
1.50
-2.50
-0.34
4.74
3.56
-0.93
-5.09
-6.98
-2.29
6.66
9.81
2.95
-5.28
-6.73
-3.76
-0.27
2.48
3.43
3.48
2.39
-1.30
-4.28
-2.91
0.34
1.32
0.16
0.56
2.36
1.38
-1.36
-2.72
-3.08
-0.84
3.49
3.36
0.49
1.59
1.39
-4.08
-6.27
-1.65
2.71
2.19
0.97
3.20
3.80
-1.01
-5.24
-4.30
-0.69
2.09
3.35
2.72
-0.66
-3.56
-2.18
1.61
3.65
2.24
-1.76
-4.86
-2.62
1.70
2.11
1.75
1.77
-0.30
-0.89
-0.36
-1.43
-0.75
1.07
-0.28
-2.26
0.10
2.45
0.05
2.24
7.39
-0.99
-11.47
-6.30
0.51
1.30
5.39
7.90
3.34
-1.67
-5.46
-7.25
-1.79
4.53
2.90
0.17
1.17
0.51
-1.06
-0.55
-1.16
-2.38
0.19
2.84
0.77
-0.66
0.93
-0.46
-2.54
0.93
3.68
-0.50
-3.40
-0.44
-0.05
-1.35
3.35
5.22
-2.44
-6.07
-0.51
1.53
-1.81
0.18
5.06
3.20
-0.53
0.15
-1.47
-6.36
-4.29
3.33
5.50
1.91
-1.99
-1.57
3.85
3.13
-6.38
-7.60
1.42
4.95
2.98
1.95
-1.33
-4.28
-1.84
2.65
5.22
2.66
-4.60
-7.39
-1.61
3.40
2.39
2.49
4.21
-0.72
-6.47
-2.11
2.90
-0.59
-1.50
3.31
3.32
-0.70
-2.90
-3.23
-1.07
2.89
4.15
0.72
-2.67
-2.01
-0.19
0.32
-0.09
-0.62
0.96
2.48
-0.59
-2.96
0.74
3.08
-0.56
-3.34
-1.81
1.20
3.81
3.01
-2.01
-4.11
-0.25
1.58
-1.00
-0.98
1.53
1.19
-0.27
0.75
1.66
-0.03
-2.23
-2.87
-0.73
2.77
2.84
0.11
-1.33
-2.37
-3.03
0.34
5.04
3.41
-1.64
-1.31
0.57
-3.05
-6.64
-2.04
8.11
11.51
1.95
-8.65
-7.83
-1.24
0.69
0.50
3.67
4.54
-0.13
-2.33
0.26
1.68
-0.03
-3.77
-7.25
-3.02
9.16
12.54
1.10
-7.83
-7.06
-6.30
-3.31
7.97
12.75
1.79
-6.15
-2.20
-0.68
-3.51
-2.49
0.38
2.99
4.54
1.77
-2.07
-2.75
-1.78
0.40
2.39
0.37
-2.15
0.16
2.33
0.19
-1.72
-2.44
-1.64
3.87
5.18
-2.72
-4.54
2.38
3.36
-0.36
-1.22
-3.07
-4.56
-0.55
3.92
5.23
4.34
-1.78
-7.63
-2.84
3.57
0.82
-0.50
4.42
3.24
-4.33
-6.30
-1.45
2.99
4.04
3.00
0.63
-2.35
-4.02
-3.69
-1.31
2.80
5.77
4.32
-0.60
-3.33
-2.35
-2.97
-3.77
1.73
7.39
2.43
-5.42
-2.66
2.92
0.49
-0.58
3.91
1.20
-6.06
-3.52
2.10
1.69
2.18
2.10
-2.59
-2.38
2.40
0.68
-3.15
-0.08
3.30
-0.26
-3.11
0.78
2.72
-0.88
-0.58
2.29
-1.89
-5.70
0.89
6.80
1.88
-3.68
-3.06
-1.82
1.29
6.43
4.23
-3.01
-5.27
-3.63
-1.22
1.48
2.33
2.72
3.45
1.50
-3.52
-7.13
-2.37
5.52
3.52
-2.14
-1.31
0.08
1.66
5.68
1.81
-8.31
-8.06
1.24
5.57
4.07
2.05
-0.45
-2.58
-2.93
-2.37
0.23
4.01
3.00
-2.22
-3.70
0.44
4.38
2.30
-3.73
-4.20
0.92
1.24
-0.68
2.91
3.08
-2.91
-2.96
0.45
0.05
0.95
1.37
-1.34
0.01
2.40
-0.36
-2.10
-0.19
1.30
0.25
-3.62
-4.28
2.08
6.16
3.20
0.07
-1.72
-3.28
-2.00
0.92
2.26
0.67
-2.20
-1.66
1.24
1.31
0.63
0.95
-1.26
-2.67
0.04
0.55
-0.61
2.68
4.63
0.44
-2.60
-2.84
-5.38
-4.31
5.21
9.56
1.69
-4.79
-2.97
-0.27
-0.86
-1.17
1.68
4.06
1.58
-3.10
-3.77
-0.15
2.44
2.17
0.22
-1.97
-1.67
0.55
2.06
1.55
-1.50
-3.30
-0.66
2.06
1.56
0.84
0.68
-1.11
-1.85
-0.20
-1.37
-2.84
1.60
5.90
5.15
2.02
-4.57
-9.90
-4.81
3.56
4.63
2.07
1.16
2.54
2.62
-2.85
-6.20
-1.17
1.31
-2.58
