sr = 1024
0.0015771412603429913
0.0018163398032701196
0.002164461137080668
0.00237306331549121
0.0025085962327442883
0.0019844402726821656
0.0017119493498628264
0.0018347376582769782
0.0022779022694237243
0.0021492301553588666
0.001842552056375879
0.0017041362904363598
0.002023853267982058
0.0020995859435884914
0.0019403743375774718
0.0016531256908127949
0.001777644869813824
0.001921408202353182
0.0019786253492402634
0.001736261870093046
0.0016680882584011543
0.0015666094517386763
0.0017626511479014518
0.00182429326222326
0.0019430378284327982
0.0020192762656122375
0.0019641800924385592
0.0021393085163945035
0.0022368437813879176
0.0021543077664647873
0.001725935507476998
0.0016695611031914176
0.0020611286877145712
0.0020933501139063677
0.002106206248469703
0.0017696522056245068
0.0021264558109001285
0.0019458845155695054
0.002064007587362304
0.0022516913362996853
0.002270833100994576
0.0025516251506514983
0.0025638139480925045
0.002705414137320851
0.0023585110066300058
0.0018429529227166508
0.0017444428710366225
0.0014983745385870725
0.001820542429791394
0.0017341444276300843
0.0019860133798359617
0.0020178720269379107
0.001963393396171872
0.0021860415203014604
0.001888376926377521
0.002050416124751358
0.00212091728329828
0.0022503272225521662
0.002224511069357609
0.0019321473175176339
0.0019144517668878709
0.0015508633978205723
0.002003450963042097
0.0022090347299692143
0.002519935487750312
0.0023360804162706026
0.0019079679103317384
0.0017143685266087318
0.001905479085641736
0.0023467779614053676
0.0023936414754392597
0.001907796365577989
0.0018777826630218966
0.0026404111077856117
0.002988641865662135
0.002782303678185551
0.0019120345616552726
0.002757888149060183
0.0036544281094070792
0.0038344273120032675
0.0029210248454556464
0.0019034430078111956
0.0019577449459482706
0.0024969813877418075
0.002364670701989971
0.001921886475715599
0.0020011593831139813
0.0031763728264526873
0.0036251517407533355
0.003374707896177602
0.002388155651060603
0.0019924014765745133
0.002325369233099689
0.002403694962231012
0.0021271565557795667
0.0021210906821165234
0.002603313737654148
0.0029192766515847898
0.0027318520811229065
0.002229799558733584
0.002097607113107382
0.0020766951003580456
0.0022436224469602477
0.002376084132760454
0.0025325909738342497
0.00238582036294482
0.0021587953574877016
0.0020788770216385367
0.0018959844548994303
0.002078354528445177
0.0025705119470058996
0.0027234649382779858
0.002928581527312428
0.0023335990739580858
0.0024787727420508684
0.002292261829166682
0.0025855823505453977
0.002736252081748134
0.0026518123718136184
0.0027803685411147633
0.002585334045455505
0.0025750782761518945
0.002150462802414593
0.0023230476940891117
0.002638446916931197
0.0029052562568809394
0.002553127521790199
0.0021385341461296428
0.0019480513629188234
0.002325724237861596
0.002331805801181604
0.001965522404724279
0.0018890363583372802
0.002381872321957507
0.0026541646219014376
0.0024068770906989696
0.001782949700356318
0.0019336674878028194
0.002522803566988298
0.002674483156907414
0.0023776200921687396
0.0018044279504436519
0.0023428412129109194
0.002785727147517143
0.0027296872857423375
0.002136639082507763
0.0022244749342757064
0.003674054939787928
0.004080941910931131
0.0037102605461442526
0.0023417847320109262
0.001960686846491178
0.0023800209207266634
0.002541205387012554
0.002452926663351217
0.0021870963413608705
0.0026081506599746557
0.002590506020447084
0.002720470971086471
0.00203227449763337
0.0021766244416367804
0.0022187423727911266
0.00246925316489776
0.0024545040447082928
0.0022529207129837673
0.0024021243156603224
0.0021956991185501816
0.002412532335292196
0.0020733338946265487
0.002140053085830564
0.0023020532246884186
0.0024788124024134753
0.0024135555800022168
0.0020417277762716456
0.0018762558552849844
0.0016098934154976546
0.0016375281998909355
0.0018228603332692648
0.001983231708190451
0.002223330116002927
0.0023522100178862532
0.002446037368734822
0.002217720408545498
0.0019698095499694392
0.001984209110300674
0.002169572017180262
0.0023372347410623917
0.002256208965834908
0.00217598403946898
0.0019490592537904897
0.002083929937590846
0.0022554313170262603
0.002252876065885565
0.002322787832719852
0.0020247207770122573
0.002181116712677217
0.0019877304086763675
0.0021014061403530114
0.002094769297615941
0.0021161995445081335
0.0020295330377600373
0.001901298648492441
0.0018357822009466445
0.001734289314431258
0.001871627453818902
0.0021695613941718123
0.002407452538959997
0.0023650595624922456
0.0019812485747862365
0.002241103268448244
0.00221568283958405
0.0022907394060434454
0.0017526374645204575
0.0017971615212122858
0.001922896058168423
0.001960398853429653
0.001947571021911991
0.0018295016460880863
0.0022146929439626206
0.0020638492716889157
0.002136659420361445
0.0018397531984586887
0.0018085349748435153
0.0019192441130873263
0.00217253839048303
0.0023307095213813663
0.0020696151860216177
0.0020530236506437257
0.002171282818141412
0.002401718600415443
0.002304679518065364
0.002097309160243231
0.002239547507711169
0.0022905986794632058
0.002334427805947768
0.0020213566242514493
0.0018675113328650477
0.0019260567844901295
0.0020551815815305734
0.0021100494453771073
0.0019240696586366134
0.0018266839468839573
0.0017465876409775221
0.001804714328888172
0.002122778033127803
0.002127098196593967
0.0023728532727388986
0.0022023253622317947
0.0022388834471448855
0.0018254353672340715
0.0019118945418404244
0.0026029775556324635
0.0031455098751519517
0.0029797190159765994
0.0021924234096978223
0.0019727112544722035
0.002494775551033668
0.002695031415560431
0.002438760691096149
0.0019504065245632134
0.0020873523081812915
0.0022101488532108443
0.0022347921722290186
0.0018568759869185506
0.0018232700804411979
0.0021351748686549276
0.0022767197465358175
0.0021438791701262846
0.0018153062687918883
0.0019236985631921229
0.0018066975518358092
0.0019845480249570027
0.0025419918284766336
0.0027908891774723697
0.002997476441265753
0.0025128886585078247
0.00227126760645951
0.001962381375305848
0.0019851997929720973
0.002088875938529785
0.0019881162081272206
0.0020081214513088803
0.001885928398965498
0.0021786126275349974
0.002192127914905454
0.0022124488255266545
0.0018562879414141605
0.0016753995376144104
0.0022253674746644716
0.002329478046108461
0.002346386921684271
0.0017550646032636653
0.001923061959605743
0.0024736979451685493
0.0026278130992615097
0.002457163146994071
0.0019090128307838682
0.001930613801651714
0.001985921687617678
0.001995899258448754
0.0018545092038796205
0.0018836159986481303
0.001962407605213194
0.002065600261057916
0.0019180370252305128
0.001892158486612053
0.002045172646778702
0.0022815694327171852
0.0023079417803947037
0.0020033170968219403
0.0017834429749762155
0.0021685569280154365
0.002317875781292467
0.002370889158286329
0.00190001211080311
0.0019365455596284794
0.0021007376497381844
0.0021766273259557468
0.0020709339528364617
0.001751438398803729
0.0019868687473589227
0.0021450500808716457
0.002257087275541171
0.0019399094232078833
0.0018328739343995194
0.0022489336494695353
0.0023644559359084455
0.0023763893147850865
0.0018721597438624386
0.0020913519980112396
0.002411396216755054
0.002525726853949408
0.0023338468833129155
0.0018305467133601155
0.0019525908410979286
0.0020995835000939393
0.0022969950960486834
0.0022647788962908413
0.0022301458627248566
0.0022333327562250845
0.002170631379671365
0.002192989154663429
0.0020363867069274153
0.0019841668502921395
0.002043004716620804
0.0021687890848809356
0.001995628499408938
0.0017944434403784945
0.002002704592555404
0.0023829201169928878
0.002429927984812256
0.0020619680146281415
0.0020014144872759335
0.0017794548914077126
0.0019295842726267957
0.0020579113979435717
0.0019964115900320996
0.002357733747736047
0.002153679363679642
0.0024141840536938
0.0019874209388886055
0.002019060680355414
0.00218756848085948
0.0024315873953617765
0.0023556300817404283
0.002160836770909541
0.0022497794190790396
0.002288544696443228
0.0022895701216027204
0.0019782261703927507
0.0018322267081908232
0.002493609701299818
0.0027539034954897094
0.0028215373266010347
0.0022837506303131916
0.00213442576791386
0.0025660061728589338
0.0025756536711690403
0.0024944147051200304
0.001955241408836315
0.0018466234200095906
0.0018603846693534252
0.0020722667574298837
0.002282886142149507
0.002252544195474972
0.002471993888060621
0.0023716602819857336
0.0022795964427469746
0.0017745400044001576
0.0017662637044457352
0.002244385403767602
0.0023439319369395716
0.002288705203192585
0.001951071868479628
0.0020561496142357354
0.0020298389208208848
0.0022192162618740858
0.0021092222770597987
0.0022326463225253836
0.002376934288985385
0.0024738168421925577
0.002464305149834462
0.0019935505932253857
0.001979639172391676
0.0023327546697152297
0.002584668665411887
0.0024546565659379536
0.001985290818590861
0.002543667505161789
0.002908400729237162
0.002927377680646978
0.0020673817245879917
0.002070726561275013
0.002536878971030444
0.0029305367669858677
0.0025204754547883137
0.0018838294609658612
0.002000463204783579
0.0024044932427249393
0.002639028948698457
0.00223537815698821
0.001914842644601906
0.002168240052858932
0.0023309531713915244
0.0022510648090775997
0.0017011039169284661
0.0020174091742813562
0.0024276181606267015
0.002579790048477941
0.0022922853794828486
0.0019122605715592273
0.001969814819127693
0.00225731474856069
0.002415109870882466
0.0022260072104833854
0.002033231411993802
0.0022905666989664515
0.0024570327392209055
0.0023254853290285275
0.001845371780762561
0.001994375772553082
0.0021776125052545077
0.0024050128995468188
0.0023008548218970914
0.0021762313279559443
0.002082202929586196
0.002062502004830411
0.0020822783314891256
0.0020253705258184264
0.0020638847823901286
0.0021646459116262977
0.002161792130579753
0.002003128306446496
0.0017959768616733125
0.00232953489771524
0.0025913881191086115
0.0027089862304158032
0.0022829867767264977
0.0021026282917758253
0.0022991734563785025
0.002426731595412085
0.002371355144984989
0.0019527363740820033
0.00202195341355059
0.002488785052720995
0.002587862458598117
0.0024714585755549923
0.0019945152259643302
0.0023397618165313587
0.0023748842891374066
0.0024137321257548497
0.001962921893108903
0.0020490358179168088
0.0020953067046431254
0.002328598903681174
0.0020435195725227976
0.001998489889089992
0.0022052929276796885
0.0024939482848663854
0.0024138145263062675
0.002529306392872748
0.0025047459243742252
0.002411723317402562
0.0018391778230610132
0.002071394971084152
0.002444118740081628
0.002622345615307712
0.0022210521845564533
0.0022621217160082386
0.002645638243373836
0.0027651533564395066
0.002497291382401367
0.002077468150923156
0.002218014768324764
0.002322258989849103
0.0025313642773343113
0.0024130390481683726
0.0024617003471108473
0.0021217902939497713
0.0019147880272223049
0.0015862901621822372
0.0016751945211901794
0.001935315143599156
0.002088268587537712
0.0019438938751656846
0.0022644024955935345
0.002354416699728671
0.0023813498848541067
0.0024392144386329996
0.0025611742270704473
0.0025125326077878357
0.0021356156046996666
0.0018848400505953218
0.0018257009136397671
0.002081756545050565
0.002609862012988747
0.0027900084808903077
0.002673989832688532
0.0025845848247390674
0.00256180444539547
0.0022993328351208387
0.0017541189753007627
0.0020980241413350374
0.0023503153707365985
0.0025043483611927172
0.0026502317576896453
0.0026106901517035193
0.0025115197401817586
0.002428255965574296
0.0024590405215851154
0.002634522029830017
0.0022222015233784513
0.0022611501351351634
0.0026652751039059805
0.0029537460378391703
0.0026730915143877276
0.0020520805305124647
0.002398901802285429
0.0028062301134194807
0.002589498407793015
0.0022067585393403463
0.0027485659557158304
0.0031997648439460883
0.0029131727594561225
0.002141685505443163
0.002320491514095626
0.0029079968079016474
0.0028570793733052615
0.002245667857191239
0.0023963267386419443
0.002720279807526723
0.0029721028006210693
0.0023095102985171466
0.0019624096550614877
0.0021484283663224706
0.002685955232355227
0.002719687211610669
0.002306441510340427
0.0022330266070141928
0.002556176536272714
0.0027804941094148453
0.00267955989239797
0.002462296284440391
0.0023623292192024433
0.002014452139241246
0.0021538279113234907
0.0022385771869793676
0.0023766558101248605
0.0019438163922792856
0.0022428895615792116
0.002548380043086704
0.0027394114020528296
0.002313972424986875
0.0023995597232780736
0.0024377579008543334
0.0025677767979531236
0.002018281052989451
0.0024408858743384006
0.0025942718590049926
0.0026704906779739207
0.002408987500059969
0.002247843040765266
0.002616955857349319
0.002708957344489127
0.002657088143472447
0.002558260336092066
0.0024064463671180044
0.002524707965885673
0.0023780851058212236
0.002297350615867831
0.0024744265534267272
0.0024165648273806106
0.0025963322552363913
0.002302855219146856
0.002373476202648152
0.002277782387110586
0.0023591118160755436
0.002108733881779848
0.002000820518978868
0.0021370776231048076
0.0023017056656298887
0.0023296890719320495
0.002179338787258864
0.002241075707033162
0.0024468059321227018
0.0024945702591954847
0.002309257067953115
0.002046496275404375
0.002007450864703598
0.002021236194867167
0.0023094545338106344
0.0024218415355805032
0.002471803741910292
0.002133601096198627
0.0020874578307338142
0.002171722889807381
0.0021684262125126717
0.002096801840707313
0.0018624318980047171
0.0018832886709843225
0.0016882740600855446
0.002110387291891931
0.0022296599918872595
0.002429178274847075
0.002330274979698652
0.002151391855014038
0.002289439416206272
0.00221298003504111
0.0023687870493072226
0.002066577006285656
0.0020976410813651836
0.002145627800617482
0.0022267600565269033
0.002196238490703648
0.0019521890589113535
0.002147424604652041
0.0023645078833537197
0.0024967776253547397
0.0023161170915174923
0.0021637065242653152
0.002035429925239813
0.002073922586852293
0.0020610698378722763
0.0023490099820510507
0.0022938787287910085
0.002238443918112793
0.0020223699093303155
0.0021510469478134837
0.0021637105373129317
0.002184889121982388
0.002098069922055185
0.0020240975226807566
0.002032929602380111
0.0020252764434449217
0.002159692954474591
0.0019426452066393723
0.0021204186216760026
0.0021312112236210883
0.002296610305774784
0.002133864310833156
0.002146561584218837
0.0023704896299723242
0.00259241183136191
0.0025044135264331263
0.0023597809007384297
0.002087738141593777
0.002196570420082488
0.0021869060431358696
0.0022633847713007323
0.0020761591284257333
0.0020212407748252978
0.0020481371341512697
0.0022504127992686537
0.0024001580292833174
0.0022816735652900198
0.0022837107190793937
0.00209268769996214
0.0020775199868273103
0.002363039584339273
0.002349465644457409
0.0023482257177495805
0.0021653475871348305
0.002328433917191028
0.0024459411727358973
0.002259351873438892
0.0023325365520479144
0.0021090003270353387
0.0022247419445850284
0.002165169491837963
0.002482129355292644
0.002573603954837392
0.0025760099594635873
0.002582291182352186
0.0024189624768598712
0.002517303073640492
0.002433970178893896
0.0022194895171822313
0.002058468593767143
0.0020235778116408612
0.002106564651786488
0.0021280587664722086
0.002627277681611268
0.002807144005734009
0.0026059049799095693
0.0021001219694912403
0.0019533811561088348
0.0020399878088992554
0.0019401606254954903
0.0021175870983630076
0.002305238951447764
0.0023350545189788
0.002127389733444379
0.0019868714636931354
0.0019332981143233487
0.00196403988730495
0.0021011690661199133
0.002214605356783109
0.0022213026653752424
0.002089260642248599
0.002643912680032532
0.002877480590240164
0.0029445228702914246
0.002366325805953771
0.002245395401868045
0.00209751093820523
0.002125559211320154
0.002055613441105684
0.002195355124099602
0.0021187735790747474
0.002098670981590142
0.0020446638761852137
0.00206452133127914
0.0020183830959050898
0.0018740766888027094
0.0022258080295302616
0.00263508330620191
0.002750671186645462
0.0025723569848816563
0.0022016990850105686
0.0022011554437332604
0.0020693821396026053
0.0021847599020667174
0.0021671010303145255
0.0021612770173961484
0.0020466872314971996
0.001967579316406538
0.0021135515052335156
0.00191578525358162
0.002256824449865849
0.0021220952849858718
0.0023085148373185515
0.0020290475790237248
0.0021328482729551343
0.0023512075396314547
0.0025190630685094787
0.0025256081856122473
0.002101001860090395
0.0015958282800642312
0.0018837708107912702
0.0018257659818088129
0.002132957654253764
0.002172697121262173
0.002216360101047583
0.002110708397657566
0.0023464371663287583
0.0024466128856714437
0.0025607621983291403
0.0020278183732243098
0.0021021312300544552
0.001956591744022723
0.002151878168399258
0.002162991615694434
0.0021408057375659974
0.002064925467530181
0.0020514266792961214
0.00203619153421924
0.001791541956468243
0.0017024140426701406
0.001936254949338273
0.002310187644277306
0.0023246991858882956
0.0023036071323330105
0.0021658391939028392
0.0020017142382262746
0.0019366612496598701
0.0016451215990818703
0.0018709565242009312
0.002062217042874972
0.002146719668914878
0.0025707347964941344
0.002436470487792229
0.002623629068338204
0.0023081585598024265
0.0023326960935149653
0.002441657510975255
0.0023970597125244028
0.0023551323408601177
0.0021464436516407583
0.0021393407414290514
0.002083837139612145
0.002218430452146441
0.00226725295644584
0.00239332762597801
0.0022026396137178653
0.0020904397638069195
0.0021776486135774444
0.0023143076421587626
0.002418765551143681
0.00234945619710914
0.002249788358470136
0.002274481891423527
0.001954376242567228
0.0022714388526311868
0.002121011614306697
0.0023210461181860298
0.0023128377715004567
0.0024292621296461486
0.0024585173528631596
0.0021315884181399517
0.002221708270574767
0.0021520769793859536
0.0023514094045847906
0.0023265675572699033
0.0024645853789655872
0.0023209862481565397
0.002150908195348688
0.002009612438882743
0.0020794651089415177
0.0022210973963757517
0.002440175897952923
0.0024027710504173063
0.0022869061723777527
0.0022607972285911236
0.0025993407648996943
0.002603325414020446
0.0023191695788979364
0.0019610254368137995
0.00193533274977058
0.0021735301329821126
0.0022242107278148634
0.0024326484437557153
0.002491702291400853
0.002381720539351299
0.0020280005924313885
0.0018766214056626707
0.00200098553123141
0.0027409381152264
0.002757111416330363
0.0026003646147358195
0.0023706175591893205
0.0023603416452270412
0.002519321691431659
0.0023960599950093894
0.0024254135443175064
0.0023053683946097393
0.0019338606932858525
0.0020333782960394735
0.001855709293177221
0.0022226715632411922
0.002023616141541848
0.0022540410278241545
0.0020302566093815797
0.0023371934887523645
0.0022420473562713887
0.002660215427984615
0.0025474319153795354
0.002517526155656627
0.0019492204053915014
0.0021299208684494716
0.0022631895513565313
0.002578589808669667
0.002275471809672525
0.0022735356571507467
0.0020802647448045944
0.0020413178599901485
0.002172240782797221
0.001965581344511662
0.0020926464952653323
0.002093082306021945
0.0021945953749129407
0.0019447065541197774
0.002031051142321622
0.0019453877226453685
0.0021966355765813384
0.0021987252658891426
0.0022228875039871157
0.0022410924425863774
0.0017924014241433737
0.002088210349299982
0.00230280537176949
0.002602983077965119
0.002671616441492106
0.002494378377735311
0.002255295748892525
0.0017799636287251157
0.001786345638768396
0.0022028346034128985
0.0024557632943456907
0.002148878613036325
0.0015415031429741896
0.0013157804598929277
0.0013991024229435983
0.0018718779155734915
0.0019414861541890976
0.0023813145584530853
0.0022138535390583067
0.002253525999025998
0.002032118496933122
0.0022997551672264962
0.002061021282114988
0.0018756280621514399
0.0020197945344167757
0.0021688116136753103
0.002266600648580614
0.001800858837712713
0.0019229572961206617
0.002225068132177714
0.002224520700951815
0.0024471215006888637
0.0025381462880273405
0.002602430501750805
0.0025551089218209906
0.002523183128854562
0.002800851523176244
0.0026375286202609672
0.0022625847804580894
0.0019544431506352197
0.002095053793693769
0.002059915401084781
0.002311818319953118
0.002295855455205749
0.0023289765937986847
0.002383554697973232
0.00225584161674685
0.002363894068174076
0.0018556334146027122
0.002223990001192772
0.0024102919121454587
0.0024657002804806564
0.002182816282090262
0.001874060260226922
0.0019204712334407231
0.0019887820531236827
0.002029848746744608
0.0021851677889194736
0.002257616386361402
0.0022930902116735006
0.0020702436210036034
0.001932730543366043
0.0018305952890552116
0.0018655319506075314
0.0019249455692046326
0.0019681459619932205
0.0020582426751170127
0.001980605650826124
0.001802760095474648
0.0018976149168945418
0.001902623921711705
0.0020428379258185148
0.002018542516524773
0.0018187719995545661
0.0019306526223134201
0.0022038377321135405
0.002507917348750855
0.002596309520951727
0.002428983949050399
0.002290702210054371
0.0021987678453516545
0.0020210812105939356
0.0017964314621992208
0.0016075701697737576
0.002261895810940173
0.0025567923623577623
0.0025660688937433635
0.0019146519549593254
0.0018798866618818522
0.0020080246853665757
0.002172991257047966
0.0019780025017213207
0.001833568279824306
0.0018310318151151042
0.0017044690197300944
0.002010991580067626
0.001968377312822267
0.0022750082153339766
0.0021265222425511316
0.0020118374413801285
0.002537934752430236
0.002742108921233908
0.003898254362151186
0.0035020497995086105
0.003430680154016777
0.0021360665079794743
0.0019806679408311515
0.002341624032971257
0.002569175098123315
0.0029236676944278564
0.0024108711596349977
0.001991997976782157
0.0014980507574107996
0.001912731914611206
0.002191051878270498
0.00277633113097233
0.003117090003907477
0.003260182699965195
0.0026730771130430483
0.0025484667946484183
0.0023683924353258643
0.00261631995815434
0.002267540875641788
0.0019928816714527326
0.0017198727032519863
0.0017759959703249767
0.003037622148084297
0.0033949055818787138
0.003207609633227134
0.002187168953842658
0.002350288795976242
0.0028524548178391123
0.003285346586710281
0.0027860899765850045
0.0022102694092741436
0.0017211588028314766
0.0020139753355396324
0.002323181947534691
0.002240010769354752
0.0018632966710641688
0.0020829194854062915
0.00200321779173229
0.0024068327040463397
0.002063293559999645
0.0023029006343367824
0.002486415856890077
0.0025533060806398134
0.002837718833524689
0.0027073680808155313
0.0026022284423410542
0.0022828090476760226
0.0022992576371066785
0.0022047958714547515
0.0027227826073350277
0.0029948690570114037
0.003110165776754243
0.00309207933596947
0.003188385867832966
0.003329452471236737
0.0029841284437105557
0.0027217460754617273
0.0027663769953961462
0.0023813670426271207
0.0022915682479933306
0.0035032979479338697
0.003709721253031071
0.00338816670206455
0.002164181726001218
0.002514005998093631
0.002751923794023501
0.002258831350663847
0.0013596743940705032
0.0014608760542589344
0.002315206955606121
0.002731500406435677
0.0025179943161459896
0.002152555375977095
0.002177437378339381
0.002194591295061634
0.002340298119068173
0.0022450718694203356
0.00318250259877851
0.0032227961323591982
0.0032733335665049695
0.0023804454465439183
0.0021109635310441344
0.0021635038051552946
0.0036435022796575114
0.0038230096375997903
0.003584712069335951
0.0027596256769986797
0.002464894608919576
0.004259205404863774
0.005154905284281674
0.005752799885165421
0.0046932030794562835
0.0035458155807126194
0.0036134597234311755
0.004826384281003315
0.004718433414403575
0.0038082751790449757
0.002120751623502613
0.0026663653842191938
0.0031741029900998344
0.0030178227430969293
0.002309461003859505
0.0025653891754665948
0.002896178734053099
0.0030282190043720374
0.002597054583586944
0.0025894825585600105
0.002352154446285984
0.0018497520411342755
0.0019506110481417789
0.0023692587005081267
0.0026923309034083917
0.0022899759819019817
0.0020952094372029507
0.002210704430917586
0.0023115588657528436
0.0020827836783204098
0.0017994745204418159
0.0014067957731607236
0.0021559112040486095
0.002348287799443109
0.002381310700080185
0.0016819622498051136
0.0014707251384607958
0.002053610482388472
0.0023474570265713825
0.002419470889397874
0.0019093557391073174
0.0017200162270131917
0.0016321409486248072
0.001834107863907146
0.002863364962218317
0.0027733649127791755
0.0032003130807207866
0.0028889739750543437
0.0036023553277855134
0.0033198739131119165
0.002783612237481649
0.0023630170563455504
0.003105234767881884
0.003562885156170268
0.003148950697409312
0.0025468311875099354
0.003150570851480355
0.003600800725086351
0.003670398620676702
0.0028130221077336728
0.0023202973248739743
0.002680398860744658
0.00275296594531755
0.0037448710031293448
0.003641934754343486
0.0037332668386421838
0.002795725011945851
0.0027019100108714045
0.0025104631427166567
0.0025309666915605297
0.0019722494271480675
0.001917938132000943
0.002898019036966705
0.0029203492920174203
0.0027876546883492713
0.0023124332360603
0.0028706234269159883
0.00358114493901483
